track type=wiggle_0 name="470 phyloP" description="470 mammals Basewise Conservation by PhyloP"
fixedStep chrom=chrX start=71118597 step=1 span=1
3.058
7.191
5.525
3.59
4.222
6.995
10.754
4.888
4.289
4.25
3.106
0.263
6.427
0.669
2.903
3.497
5.515
3.181
1.864
3.231
4.716
2.912
2.883
0.866
2.422
1.864
3.302
2.268
2.251
3.309
3.511
1.456
2.087
0.578
3.245
3.245
0.091
0.545
-0.414
1.325
0.204
0.488
3.552
2.627
2.759
1.375
0.992
1.12
0.762
4.138
7.321
3.527
-0.462
3.743
1.672
-0.002
1.469
2.136
2.349
1.037
1.167
1.856
0.179
2.317
-0.354
0.554
1.427
0.247
0.442
2.31
0.249
0.299
2.744
3.524
2.289
1.963
0.314
0.385
0.888
0.03
0.128
0.337
-0.411
1.429
1.323
4.323
0.724
0.537
0.992
0.284
0.626
2.405
-0.055
0.253
0.418
1.158
-0.127
1.076
0.636
0.122
0.954
2.177
-0.062
-1.939
-0.398
-0.345
0.877
1.829
0.076
-0.402
0.532
0.031
-0.242
0.003
-0.128
-0.037
3.616
0.022
2.103
0.105
3.478
2.001
2.035
1.374
0.138
1.864
4.976
5.284
0.893
7.54
7.442
-0.015
5.569
5.276
2.715
1.449
1.753
-0.976
7.531
5.251
0.36
4.148
0.507
1.365
0.965
-0.076
4.014
8.857
8.857
2.255
2.951
8.898
3.281
6.02
3.482
7.166
10.198
3.289
8.376
5.525
10.707
10.707
4.306
10.756
8.922
5.348
1.401
7.199
5.537
3.494
10.776
10.776
6.407
8.395
5.537
5.346
0.851
7.202
7.66
10.217
10.776
7.005
7.202
10.217
1.82
8.93
10.217
4.597
7.015
10.232
3.503
7.015
10.791
6.599
7.015
5.365
-0.027
2.288
7.217
5.798
10.24
10.239
4.569
5.355
10.801
8.921
5.366
4.33
1.997
4.264
10.817
1.946
2.308
5.569
5.054
10.846
10.846
4.545
7.049
7.049
3.818
7.049
7.049
-0.382
10.84
10.28
1.461
10.842
7.245
2.427
7.249
10.286
1.955
7.113
7.113
1.194
7.113
10.384
3.445
10.951
10.384
1.52
7.117
7.117
3.574
8.554
10.384
4.66
7.117
10.384
9.097
10.384
10.384
2.089
10.951
10.384
8.906
fixedStep chrom=chrX start=71119374 step=1 span=1
11.006
0.12
9.726
11.006
2.92
2.659
7.747
2.774
11.006
5.841
-3.563
11.61
5.841
0.222
0.616
6.047
6.405
9.147
11.009
2.044
11.582
7.729
0.875
10.98
10.998
1.196
7.529
10.998
4
11.601
11.601
0.029
7.742
7.742
5.815
10.998
10.998
1.442
10.998
10.998
0.094
7.529
10.998
6.463
5.838
5.826
-0.964
8.478
5.845
-0.068
5.054
6.057
0.151
2.8
5.845
2.226
8.46
9.744
2.479
9.719
11.028
1.83
9.743
9.14
1.492
5.856
11.028
1.793
11.601
11.601
3.174
5.205
4.689
1.076
11.599
7.527
1.355
10.995
6.017
4.285
10.995
10.995
-0.757
3.824
7.74
2.253
5.266
4.522
1.358
2.77
7.74
1.005
10.995
9.142
1.102
7.527
7.527
1.536
4.957
7.547
1.345
11.025
9.138
9.741
fixedStep chrom=chrX start=71119687 step=1 span=1
7.817
1.041
4.678
9.835
0.434
2.348
7.602
0.219
4.641
11.109
1.409
7.815
7.817
2.701
11.109
6.592
7.602
11.109
8.531
7.602
11.109
7.817
-0.326
4.643
7.817
-1.572
7.432
7.602
-0.358
11.719
11.109
11.719
11.109
11.109
1.02
2.281
7.817
1.175
1.117
5.14
-2.539
2.348
5.133
0.468
11.109
8.006
-0.905
11.109
7.602
-1.534
0.243
7.817
-2.424
3.256
1.743
-1.84
11.719
11.109
1.772
6.977
3.966
-1.096
8.559
9.747
-0.714
0.419
3.935
-1.727
5.686
3.399
3.718
11.109
9.242
2.944
3.244
3.972
-0.483
7.323
7.214
0.584
8.471
7.817
1.778
7.796
9.18
1.366
2.196
4.652
3.38
11.109
11.109
0.617
11.719
11.109
0.216
9.223
9.247
1.081
7.817
2.325
1.333
7.817
11.719
11.719
3.27
5.045
3.678
11.772
6.147
1.344
11.159
4.863
-1.01
0.171
4.047
-4.275
1.58
8.603
0.692
6.144
5.943
0.415
5.937
9.283
7.505
9.302
3.747
2.348
9.869
5.94
0.821
9.286
7.849
2.764
4.418
7.012
-2.134
5.275
2.222
-0.515
7.851
11.772
9.875
7.851
6.141
1.773
4.681
7.635
-0.475
9.869
9.283
0.223
0.797
6.141
0.982
9.869
7.635
0.653
11.772
8.596
0.807
11.159
1.783
0.114
8.037
8.037
1.722
7.635
7.631
3.352
7.635
6.141
0.424
4.559
5.922
0.423
1.421
2.942
-0.485
0.564
6.144
0.318
9.869
7.635
0.255
9.127
10.995
3.991
11.159
9.284
11.772
fixedStep chrom=chrX start=71120015 step=1 span=1
7.828
-0.324
7.613
7.613
0.551
11.125
7.828
1.182
2.866
7.828
0.102
4.591
6.617
1.161
11.125
11.125
1.844
11.125
11.125
0.809
11.736
11.125
0.826
11.736
11.125
3.06
8.51
7.828
-0.229
6.097
7.828
2.827
11.736
4.503
0.004
7.828
11.125
0.21
2.743
7.828
1.21
11.736
5.921
0.123
11.125
11.125
1.87
7.828
11.125
0.409
4.065
7.613
1.882
11.729
7.83
2.299
7.615
7.615
0.328
5.161
7.83
7.431
4.694
7.83
5.149
0.127
11.739
0.624
11.739
7.615
-11.974
6.646
7.615
0.604
7.83
11.739
11.739
4.838
7.827
-0.736
11.128
7.83
0.294
11.128
11.128
5.832
11.128
7.83
11.739
11.128
7.615
-0.594
6.12
7.353
1.886
9.772
5.918
1.412
7.83
11.128
0.383
6.129
9.27
0.785
3.906
4.786
0.273
8.542
7.61
-0.06
4.541
7.825
-0.262
-0.374
0.006
-1.026
11.732
11.121
2.586
4.687
5.011
0.012
11.121
11.121
4.548
4.483
6.161
1.259
11.128
11.128
7.512
9.244
11.128
4.364
3.99
6.401
2.189
1.585
2.766
-2.71
0.634
0.549
-1.475
4.182
6.963
-0.202
7.615
7.615
-1.884
2.334
1.198
0.526
2.148
-0.885
-0.676
11.739
fixedStep chrom=chrX start=71120972 step=1 span=1
-0.446
7.734
11.591
11.642
11.036
7.554
-0.534
7.554
11.045
2.031
11.045
7.795
-0.066
4.609
2.837
0.404
11.092
7.591
0.346
11.092
5.291
2.864
7.805
7.99
0.359
2.266
7.805
0.539
3.446
9.8
4.282
11.701
11.092
0.075
7.591
11.092
1.512
0.793
7.805
1.418
3.297
6.096
2.104
11.134
11.136
4.524
11.136
7.82
6.629
6.592
7.62
-0.361
11.748
11.147
-0.339
6.141
5.747
0.111
7.843
11.147
-0.015
2.151
5.873
0.77
5.915
3.998
-0.056
8.574
9.873
1.459
3.817
3.837
1.09
-0.019
3.42
0.204
8.802
8.757
2.41
4.591
6.56
-0.381
7.166
7.24
0.289
3.287
5.097
0.586
4.181
7.544
-0.051
2.464
4.044
-0.157
3.465
5.935
-1.423
2.983
2.178
-2.38
2.374
6.003
1.266
9.842
9.838
0.701
4.758
7.614
-0.224
1.151
6.107
0.853
5.903
7.623
0.004
7.623
6.984
-0.644
11.752
11.141
0.072
7.512
7.839
0.331
11.752
11.141
2.144
0.698
1.467
1.436
11.758
4.838
0.354
6.604
7.842
-0.26
2.401
5.827
0.989
7.626
11.146
4.41
7.842
11.758
11.758
11.758
11.146
0.117
7.841
11.145
3.3
11.145
7.976
-10.917
11.757
9.263
2.95
11.145
8.035
6.604
2.711
7.841
0.611
11.757
7.602
2.221
6.017
7.85
6.641
6.154
5.04
3.323
11.171
7.859
11.785
7.859
7.859
1.823
7.643
11.171
9.886
fixedStep chrom=chrX start=71121328 step=1 span=1
11.153
-3.963
11.766
11.766
1.147
9.297
7.847
8.558
0.564
7.847
2.989
9.854
11.153
0.599
3.766
7.559
1.798
7.631
11.153
-0.419
11.766
11.153
0.769
7.847
3.456
1.771
0.248
7.847
2.037
11.153
7.631
-1.549
6.145
11.766
11.766
6.65
7.847
-0.011
4.856
7.847
0.385
11.766
7.021
0.981
5.05
9.871
0.649
4.188
6.142
0.659
11.766
11.153
2.931
11.153
11.153
3.534
9.187
7.847
-0.363
4
11.766
-1.031
7.631
7.631
-1.54
7.559
5.727
1.478
11.766
11.155
1.03
11.767
11.155
0.466
11.767
11.155
0.818
-0.053
7.848
1.675
7.632
7.848
1.407
9.295
7.024
4.629
2.127
7.848
0.483
-0.246
7.848
0.76
1.788
7.848
1.853
7.631
7.631
-2.12
0.397
7.848
-0.052
0.596
7.843
4.283
7.627
7.843
-0.116
3.943
5.864
2.248
fixedStep chrom=chrX start=71121563 step=1 span=1
11.14
0.406
7.838
7.623
-3.907
11.752
6.638
0.266
11.752
11.14
-0.551
7.838
7.838
-7.011
9.868
7.838
0.65
7.623
11.14
4.448
7.837
7.621
-2.008
11.752
7.601
-6.807
6.116
11.108
1.752
3.986
6.116
0.291
7.816
7.601
0.752
7.601
9.836
0.771
7.605
11.724
-0.087
7.605
7.82
0.283
11.724
7.605
1.014
7.82
11.113
2.148
7.82
7.82
0.826
7.82
11.724
0.663
6.104
7.605
-0.993
4.806
11.724
3.334
2.468
11.743
1.569
1.086
7.832
4.499
8.504
7.616
-0.001
1.41
7.832
2.078
7.617
6.089
0.014
1.087
7.832
2.896
6.631
7.002
-0.782
9.859
6.631
-4.425
0.599
3.443
3.774
4.692
4.468
2.19
1.261
4.45
-0.725
7.617
11.132
2.19
3.375
7.608
-1.87
0.199
4.005
0.024
7.617
11.132
-2.557
4.401
6.015
-0.024
4.946
6.1
0.588
0.52
5.919
-3.044
0.359
4.791
0.086
7.616
6.092
3.452
1.146
7.616
-0.542
1.186
6.029
0.624
2.614
4.888
1.382
3.228
5.873
-0.464
1.672
5.035
2.155
4.825
7.617
-0.682
3.312
3.996
-0.324
1.936
4.82
0.051
7.617
5.928
-1.173
7.519
3.993
-1.122
5.92
5.926
0.42
7.616
6.91
2.405
3.308
7.616
0.776
2.646
3.999
0.893
0.603
4.848
-1.731
6.776
7.187
2.18
9.151
0.592
0.516
2.117
2.617
0.275
3.383
4.829
-0.128
1.46
5.903
-2.051
6.008
4.817
1.406
4.821
7.575
0.8
7.79
7.79
0.298
7.862
7.484
0.473
11.734
11.123
0.832
1.291
7.826
0.55
4.846
7.826
-0.38
3.617
2.865
5.7
7.826
11.734
-0.009
3.994
7.611
1.167
7.611
11.123
6.57
7.611
11.123
2.14
3.298
11.734
0.369
7.611
7.611
-0.525
3.267
7.826
2.195
11.734
7.812
-0.127
7.826
3.44
1.502
11.734
11.734
0.281
7.611
7.826
1.389
11.123
11.734
1.412
7.826
11.734
1.453
9.042
7.826
-0.006
1.385
7.826
-0.567
7.611
11.121
8.554
fixedStep chrom=chrX start=71122201 step=1 span=1
5.018
-0.351
5.376
7.833
-0.132
3.283
3.49
0.137
2.667
7.855
0.457
7.867
11.796
0.651
7.867
11.796
-0.066
7.651
7.651
-1.029
11.182
11.796
1.883
11.796
7.651
-0.961
0.847
7.867
2.714
11.796
7.867
-0.188
7.867
11.796
11.796
3.309
11.182
2.74
7.867
11.182
-0.321
7.867
7.651
-4.106
1.115
3.499
2.518
9.302
3.309
-0.051
11.796
11.182
-0.059
11.182
7.45
0.618
1.244
6.687
1.094
9.32
5.073
1.152
8.065
8.064
2.179
8.024
7.651
-5.37
11.796
11.796
1.396
7.879
7.662
0.069
7.662
7.662
-0.584
7.662
7.879
-0.766
11.815
11.2
0.844
5.96
6.154
0.572
1.09
7.879
1.715
5.967
3.323
-0.98
6.174
7.879
0.889
11.815
7.661
-0.516
7.662
7.662
0.008
7.879
5.804
2.737
9.337
6.174
0.829
2.166
7.879
2.578
7.662
7.662
0.105
11.2
7.879
11.815
7.654
7.654
1.003
11.803
6.104
0.442
11.803
11.803
-0.197
11.188
11.188
0.075
8.901
4.852
0.685
8.486
7.654
1.122
7.871
7.871
1.038
11.188
2.729
1.181
7.654
9.327
3.848
5.951
11.188
5.002
fixedStep chrom=chrX start=71122509 step=1 span=1
7.891
-0.756
7.673
11.832
-0.408
11.832
4.889
1.745
11.216
7.075
1.737
0.041
7.891
0.477
1.437
5.914
-1.165
11.834
11.218
5.071
6.19
7.891
-0.86
11.834
11.218
0.743
7.674
9.352
2.87
7.674
11.218
5.22
9.358
7.891
2.74
11.218
8.099
3.351
6.706
9.339
0.233
2.754
11.834
-1.039
11.834
11.834
1.641
7.674
6.19
2.191
11.834
7.674
-1.044
11.834
6.187
-0.781
11.834
11.218
3.148
11.834
7.889
1.518
7.674
11.834
1.74
7.891
11.834
11.834
7.891
7.674
1.18
7.891
7.891
1.142
11.834
11.218
0.321
11.218
11.218
2.099
7.891
11.834
1.119
7.674
11.216
6.54
11.832
11.216
2.67
5.777
7.673
-1.201
11.216
7.673
-0.574
11.832
7.673
4.728
11.832
fixedStep chrom=chrX start=71122739 step=1 span=1
-0.18
3.514
7.891
0.625
11.218
7.674
0.837
11.218
7.891
0.045
6.706
11.834
0.185
5.972
11.834
0.575
11.834
6.184
0.606
4.043
7.891
-1.386
5.98
11.218
0.005
11.218
7.674
1.176
0.691
7.891
6.168
11.834
11.218
4.771
11.834
7.891
0.866
0.428
7.891
1.178
11.834
11.218
-0.005
5.282
11.834
1.789
7.674
11.218
-0.444
6.17
11.834
0.462
7.891
7.891
0.49
11.834
11.218
1.437
5.972
11.834
-0.112
4.216
7.674
-0.149
11.834
11.218
1.446
7.891
3.512
0.435
11.218
8.616
1.731
11.218
11.218
-0.218
7.891
7.674
-0.444
2.182
7.891
-8.791
11.834
11.218
-0.015
3.496
7.674
-0.221
2.695
7.891
-0.93
7.891
6.706
0.651
6.177
11.218
0.53
1.42
6.706
1.147
11.218
7.891
0.068
7.891
7.891
0.491
6.708
11.834
0.661
-0.314
3.511
2.528
6.663
6.678
0.177
5.947
2.73
-0.806
9.356
6.706
1.098
11.218
9.352
1.424
11.834
11.218
-0.555
6.706
6.703
-0.237
7.672
11.215
-5.555
11.831
11.211
7.56
fixedStep chrom=chrX start=71123096 step=1 span=1
6.082
-0.024
4.13
7.563
-1.064
3.344
7.672
-1.383
7.6
9.349
0.382
11.831
11.215
-0.488
11.835
11.219
-0.04
11.833
7.675
-2.696
11.835
7.892
1.886
11.835
7.892
-0.739
3.036
4.878
-1.236
1.156
7.892
0.227
1.438
7.892
0.55
7.892
11.835
0.045
11.835
11.219
2.695
7.892
11.835
11.835
11.835
7.675
-4.235
11.835
7.892
0.045
11.219
11.835
4.88
7.892
11.835
1.413
11.219
11.219
2.14
5.972
11.835
-0.675
7.892
7.675
-0.481
11.835
11.835
-0.338
3.285
7.603
1.017
7.675
11.219
0.851
4.89
11.835
-0.88
11.835
7.675
-2.525
11.219
7.892
11.835
11.835
4.224
2.871
11.835
7.892
0.129
11.835
7.675
1.438
11.219
11.219
4.509
7.672
7.888
0.494
2.681
7.888
3.998
11.83
11.214
7.597
9.352
11.214
8.624
5.945
11.83
3.621
7.672
11.214
3.025
11.83
7.672
-1.082
11.83
11.214
3.3
11.214
7.888
0.453
11.83
11.214
2.931
11.83
7.672
-0.384
11.83
11.214
9.925
fixedStep chrom=chrX start=71123595 step=1 span=1
11.835
-0.598
7.891
11.835
0.055
11.835
11.835
3.527
11.835
11.218
2.224
5.021
7.674
-2.608
11.835
11.217
4.689
8.666
2.783
-1.301
7.592
2.69
0.247
11.835
11.218
-0.357
11.819
11.218
2.672
11.218
11.218
0.704
11.827
7.571
-1.028
7.891
7.674
0.222
1.538
7.891
-6.53
5.545
7.674
-0.586
7.891
7.674
0.167
11.835
5.894
-0.322
6.187
7.674
0.125
5.959
7.891
-0.443
2.873
7.674
-0.242
11.835
4.043
0.649
3.341
5.98
-7.727
11.218
8.288
0.054
7.564
4.016
0.233
7.674
7.674
0.607
5.44
7.895
0.875
7.895
7.895
2.227
7.678
11.223
3.952
7.607
11.223
0.475
11.84
7.895
0.368
5.983
7.895
-0.183
0.234
7.895
1.784
4.036
7.066
3.982
7.885
7.895
1.475
2.661
7.887
7.607
9.952
11.223
0.262
11.223
7.678
0.194
7.678
11.223
3.912
11.84
7.678
0.299
7.678
7.678
0.09
5.402
4.227
8.656
3.332
7.895
3.78
7.048
fixedStep chrom=chrX start=71124160 step=1 span=1
0.707
9.936
11.206
-0.213
7.666
7.666
-0.67
2.252
5.209
-0.025
11.206
9.934
-0.041
11.82
11.205
3.467
4.712
7.572
-0.634
8.635
11.206
0.134
1.425
5.209
0.245
7.542
6.174
0.044
11.821
11.206
-0.181
7.883
7.883
2.743
2.905
7.883
0.289
11.206
11.206
0.596
-0.169
7.883
3.678
11.821
7.883
-0.274
1.409
7.883
0.423
3.299
7.883
-0.983
7.883
7.883
1.108
7.883
9.935
1.206
11.821
11.206
1.326
1.808
7.883
2.068
11.206
7.883
-0.337
5.97
11.821
0.323
7.666
11.206
-2.366
9.934
11.206
-0.415
11.821
7.883
-0.317
7.883
7.883
0.847
7.884
7.662
0.56
7.667
11.207
1.113
5.423
11.199
0.843
5.423
2.907
4.302
7.884
11.207
-1.708
11.192
2.741
-0.511
7.874
11.807
0.078
11.192
7.657
-0.316
5.956
7.874
1.463
11.192
7.874
0.825
7.874
7.657
0.017
7.657
11.805
1.72
11.807
11.807
0.53
11.807
11.192
0.604
3.319
7.874
-0.102
6.671
5.932
0.311
3.469
6.157
-0.405
7.566
7.569
0.51
5.89
3.301
-0.995
1.423
5.941
-2.348
7.57
9.884
-0.328
7.645
5.945
0.313
3.255
11.789
2.018
5.948
7.646
-0.164
5.929
5.938
-0.538
7.84
7.616
-0.019
7.616
7.616
-0.154
5.003
5.014
-0.164
11.739
11.128
-0.819
11.739
11.128
0.635
5.887
7.588
-3.381
0.768
0.986
-9.584
9.601
9.048
0.306
11.781
11.168
0.818
-0.552
4.852
-3.074
11.781
11.168
2.062
7.641
9.847
0.422
11.168
11.168
6.623
11.781
11.168
0.656
2.928
3.271
-1.824
11.779
11.166
3.01
9.72
9.698
0.812
-0.681
-0.589
0.585
-0.066
0.707
0.585
-0.066
-0.589
0.585
-0.066
0.707
0.585
0.691
0.691
0.707
0.585
0.602
0.707
0.707
0.691
-0.066
fixedStep chrom=chrX start=71124765 step=1 span=1
11.108
-0.713
5.87
5.903
0.026
9.817
6.464
0.87
5.903
7.816
-0.722
6.104
5.903
-3.869
11.712
11.108
1.779
4.128
5.903
0.299
9.256
7.827
11.734
11.734
8.002
0.817
6.975
7.827
-3.216
11.734
11.123
1.415
4.838
4.871
-0.43
4.65
4.946
-0.212
3.416
7.587
1.427
4.667
7.487
0.275
5.651
3.348
-0.193
2.643
6.072
0.128
7.801
7.801
0.62
11.738
11.128
1.268
11.738
11.128
-0.722
6.911
7.829
6.617
11.738
11.128
1.202
11.128
11.128
1.869
4.834
3.967
-1.739
11.738
11.128
0.799
7.829
7.829
0.603
4.975
7.595
1.098
fixedStep chrom=chrX start=71124977 step=1 span=1
7.809
0.407
7.809
7.809
0.775
7.809
7.595
0.075
7.595
5.886
-2.606
6.949
5.902
-1.111
7.994
5.015
11.71
2.311
4.949
-0.003
5.019
11.71
1.172
11.71
11.101
3.899
11.693
8.535
0.944
11.086
11.101
2.11
8.551
7.5
0.995
9.231
6.617
-0.259
5.906
7.598
-1.11
6.112
5.909
0.423
3.987
3.984
-3.948
9.777
6.982
5.104
7.982
9.242
1.279
1.388
2.598
1.763
8.55
7.863
0.637
2.145
3.563
-3.746
11.712
9.241
0.373
7.913
9.108
4.298
6.614
6.962
0.554
2.112
2.305
1.726
11.077
9.05
1.38
2.119
4.787
-0.178
2.619
1.373
0.322
0.57
2.05
0.512
9.241
6.977
2.46
11.712
11.102
3.421
11.102
9.241
4.392
2.523
1.182
-4.121
7.513
6.977
1.223
11.712
6.618
0.642
7.813
3.243
0.09
2.624
6.112
-2.027
6.614
6.606
-0.259
1.051
4.144
0.383
3.264
3.451
-0.132
7.812
9.245
-0.292
11.712
11.102
1.112
7.598
6.073
2.589
7.596
3.29
-5.302
4.863
11.712
1.199
7.598
11.102
-7.602
6.605
7.812
5.636
7.598
11.102
5.764
7.812
11.102
-1.273
9.821
7.598
0.808
11.102
7.598
-2.005
7.598
11.102
1.388
7.812
7.812
0.118
7.598
7.598
-1.547
11.102
7.812
-0.561
7.598
7.598
0.725
7.598
6.073
11.712
fixedStep chrom=chrX start=71125352 step=1 span=1
11.055
5.767
11.662
11.055
4.426
4.193
7.567
-0.484
7.78
5.766
2.655
11.055
11.674
1.756
7.574
11.067
1.122
11.674
11.067
3.811
7.788
11.674
2.681
11.067
11.067
1.076
7.574
11.067
11.674
7.574
11.674
0.599
0.415
2.836
5.724
5.792
7.788
2.28
5.775
7.787
1.62
3.951
7.787
3.717
7.787
2.803
1.449
11.673
11.67
5.105
11.67
7.786
7.377
11.67
11.67
0.417
11.063
9.199
5.09
2.673
11.056
2.096
3.972
11.665
0.34
11.665
11.058
1.465
11.665
11.058
0.596
11.665
7.568
3.26
2.656
11.665
-0.122
7.568
11.058
0.44
5.081
2.656
1.027
5.266
7.782
1.751
11.058
11.058
8.509
11.058
11.058
2.198
11.058
7.782
-0.231
11.058
7.568
3.221
11.058
9.185
5.098
11.665
11.058
0.621
11.058
7.782
2.67
1.375
7.782
9.617
11.058
11.058
2.495
5.784
7.784
1.179
7.57
7.784
2.049
11.06
11.06
-0.154
2.657
5.786
1.037
11.06
11.06
2.133
5.786
11.667
-0.127
11.06
7.57
-0.883
5.792
7.57
-2.547
11.667
11.06
2.525
9.187
5.876
1.487
11.666
fixedStep chrom=chrX start=71125664 step=1 span=1
7.129
4.422
7.391
10.975
7.072
7.27
3.057
5.216
4.43
4.659
5.461
3.582
4.68
8.479
4.492
4.486
8.89
4.468
6.543
7.191
5.483
7.394
4.39
5.709
11.085
5.598
7.349
4.349
5.296
6.694
5.228
8.49
10.281
7.904
10.536
9.96
4.207
5.246
7.082
8.405
7.893
6.887
5.806
5.42
7.082
5.246
5.421
5.42
6.972
10.561
fixedStep chrom=chrX start=71126037 step=1 span=1
1.756
9.638
8.366
4.887
9.647
10.924
1.103
11.534
10.934
-2.21
11.531
11.531
0.104
7.489
9.081
5.666
10.934
9.083
2.877
0.773
4.969
-0.041
-0.341
11.546
-0.826
1.34
4.391
-0.06
9.094
0.106
2.508
0.529
4.391
0.843
5.753
2.133
-3.706
9.711
7.779
4.584
7.412
3.854
0.783
6.051
6.052
1.366
5.851
7.535
1.033
10.961
7.507
-0.366
5.707
3.905
-2.343
11.563
6.866
4.499
7.381
6.847
0.023
4.577
7.731
0.18
7.731
7.731
0.834
4.118
5.832
0.39
10.985
10.985
2.065
2.292
7.735
0.991
7.523
10.985
3.26
5.805
4.522
-0.138
7.524
7.737
0.637
7.737
7.524
-2.02
2.151
10.987
1.448
7.737
3.764
1.163
9.765
9.222
-0.112
5.899
11.081
0.866
7.587
11.081
0.01
7.587
11.081
4.357
9.809
7.801
0.786
11.084
7.589
-6.447
5.095
7.589
2.881
7.587
11.082
11.69
fixedStep chrom=chrX start=71126342 step=1 span=1
7.84
1.753
7.84
7.624
0.586
1.389
5.872
3.005
11.143
11.143
0.677
11.755
7.84
0.015
7.624
7.84
8.6
11.755
11.143
3.967
7.624
11.143
6.659
11.143
7.84
0.82
11.14
7.623
-3.424
11.14
11.752
1.754
7.838
7.838
1.184
11.752
7.623
0.392
2.217
2.361
-0.166
11.752
11.752
0.602
11.14
2.361
5.858
7.838
7.623
-3.397
7.838
11.143
0.611
7.624
11.143
1.769
0.629
7.84
3.463
7.624
7.624
1.087
1.401
7.84
2.483
11.755
2.363
1.245
7.624
11.143
2.918
7.624
11.143
-0.825
5.167
7.84
0.908
7.624
11.143
6.613
1.911
7.848
1.787
9.294
7.848
3.929
7.848
7.848
-2.727
11.767
11.154
1.436
7.632
7.848
1.78
11.154
7.86
11.785
11.785
11.172
0.803
2.375
4.679
0.158
2.372
7.643
-0.14
5.943
7.865
0.118
11.18
5.197
4.03
11.18
7.865
5.949
11.18
5.197
1.209
11.794
11.794
0.801
7.649
7.865
2.208
11.18
7.865
1.114
11.794
11.18
4.869
7.865
7.865
1.538
11.794
7.649
0.21
11.18
7.865
0.274
7.649
11.18
11.794
fixedStep chrom=chrX start=71126970 step=1 span=1
7.902
-0.278
4.054
7.902
2.985
11.234
11.234
-0.529
11.851
11.234
1.211
1.815
7.9
5.841
11.234
11.851
-1.435
11.851
7.902
-1.596
11.851
7.902
-2.965
11.851
11.234
1.954
11.851
7.684
-15.955
11.851
11.234
1.286
-0.456
7.902
3.73
7.684
6.197
-0.879
7.684
7.902
0.4
11.234
11.234
0.333
7.9
7.683
0.04
7.9
7.683
-4.764
5.24
4.173
0.295
3.345
7.9
1.127
11.848
2.403
5.117
11.851
11.851
1.809
11.234
11.851
1.064
7.902
11.234
-0.023
11.234
7.684
-4.244
11.234
7.684
-0.205
4.184
11.851
0.832
1.12
7.9
0.084
7.9
11.848
2.262
0.622
7.9
0.209
7.9
9.958
0.406
11.231
7.9
-7.38
11.848
6.183
5.118
11.836
7.675
-3.616
11.836
7.892
0.028
1.54
6.185
0.838
1.129
11.848
1.43
7.683
4.773
0.231
6.192
11.231
-0.693
7.683
11.231
-9.029
5.21
2.758
3.329
7.9
11.851
0.594
7.684
7.902
0.135
11.234
7.902
2.241
7.684
7.902
1.134
11.234
11.234
0.845
7.684
4.726
3.03
11.851
11.234
0.579
7.684
11.231
6.7
11.234
2.404
5.945
9.953
7.684
-0.449
7.684
11.234
2.546
11.851
7.902
-0.307
7.9
7.902
0.422
11.851
11.234
1.324
11.851
11.851
fixedStep chrom=chrX start=71127337 step=1 span=1
2.255
7.898
0.12
7.898
9.932
0.397
11.845
11.845
-11.146
11.845
7.898
-0.94
11.845
7.898
0.872
11.228
11.228
1.416
7.681
11.228
0.032
11.845
5.217
0.208
4.77
7.898
7.628
11.228
11.228
1.115
4.885
5.214
-0.851
6.184
7.681
-6.848
11.845
11.228
-0.457
4.029
11.845
-0.159
7.898
7.679
0.269
7.898
7.681
-1.595
5.214
7.681
-0.474
11.845
11.228
2.742
2.23
11.845
0.841
7.898
11.845
1.894
11.228
7.898
4.89
1.824
7.898
0.432
9.959
7.681
0.801
7.898
11.228
0.94
7.681
7.898
0.643
7.898
11.228
3.506
11.845
11.228
2.381
2.595
7.898
1.017
7.898
11.228
-0.556
4.77
2.256
-1.054
7.898
5.901
0.143
7.898
11.845
4.125
11.228
11.845
2.24
7.681
11.228
0.303
1.892
7.898
3.417
8.032
4.074
3.418
11.226
5.602
2.757
11.226
11.226
4.105
7.888
7.898
2.891
11.845
11.845
4.024
11.845
11.228
0.228
5.986
7.898
0.167
7.898
7.898
5.986
11.228
11.842
fixedStep chrom=chrX start=71127894 step=1 span=1
5.936
4.758
0.844
2.899
1.577
0.023
7.9
11.848
0.63
6.191
7.683
0.053
11.231
9.365
-0.149
11.848
7.9
1.106
11.231
9.368
3.851
2.67
11.231
-1.094
11.231
7.683
-0.67
11.231
7.9
0.604
7.9
11.231
0.235
1.208
4.633
0.279
11.231
9.364
-15.477
11.848
7.9
4.509
3.55
4.122
0.634
7.683
7.683
-6.25
1.96
7.681
-2.658
3.553
11.228
0.497
7.9
7.683
-1.439
11.228
9.366
-0.042
2.653
7.9
8.665
4.055
8.66
-0.034
7.9
11.845
11.845
11.848
1.111
-1.144
7.683
7.683
-10.935
11.848
11.231
1.942
7.898
7.9
1.114
11.231
7.9
11.848
8.072
7.898
-7.962
11.8
11.186
-1.268
3.052
1.125
-0.837
-0.206
7.869
1.256
11.8
11.186
5.112
11.186
11.186
-0.071
7.652
7.652
-10.039
1.236
7.652
-3.058
11.8
7.652
-0.201
7.652
4.153
-1.762
11.182
1.109
-1.178
1.202
7.866
2.216
11.182
1.405
1.148
7.846
11.182
2.208
3.526
7.65
-5.162
4.022
3.491
1.999
1.769
7.866
0.257
11.796
11.796
5.956
11.227
11.227
8.643
11.227
3.523
0.674
7.68
7.897
-0.467
11.231
9.797
0.163
11.852
11.235
1.306
11.235
11.235
0.441
1.134
7.685
-1.951
11.852
7.685
-0.123
11.235
11.235
0.857
4.073
11.852
1.833
7.903
11.235
3.335
11.235
11.852
3.353
7.903
7.903
0.179
11.852
7.903
0.865
7.903
11.852
1.149
11.272
11.272
0.707
4.666
7.71
-0.186
7.71
7.928
-0.651
11.272
7.928
11.892
1.126
11.272
-1.279
11.892
7.928
0.156
7.928
11.892
0.302
3.584
7.928
4.458
11.892
11.892
-0.284
7.71
11.272
0.032
7.71
11.272
-0.797
11.892
11.272
0.305
1.142
7.71
-3.989
11.892
4.218
-0.304
6.711
11.892
fixedStep chrom=chrX start=71128297 step=1 span=1
3.58
6.22
1.314
11.269
11.269
0.954
11.888
11.269
3.332
9.311
7.926
-1.138
11.888
7.706
-0.201
11.269
0.944
0.639
0.029
7.926
1.566
7.926
4.632
0.061
4.634
7.706
-3.469
11.888
11.269
3.311
3.312
7.926
2.623
11.269
7.708
-11.876
11.888
3.55
0.416
7.926
3.184
-1.832
7.926
11.888
2.763
11.269
3.124
2.262
1.658
1.153
-4.413
2.235
7.926
1.103
11.269
11.888
0.072
3.553
7.708
-5.509
11.888
11.269
-0.088
7.926
11.888
11.888
0.372
7.926
-0.174
11.888
11.888
-0.49
11.886
7.926
-2.782
6.013
7.926
-4.651
11.269
11.269
3.874
11.888
7.708
0.069
-0.076
7.926
1.447
7.926
11.888
1.479
7.926
11.888
-0.196
7.926
7.708
-0.888
7.926
7.708
-2.195
11.269
11.269
0.417
3.124
11.269
-0.026
11.842
11.747
5.946
6.174
1.153
-1.925
7.926
11.888
-0.91
11.888
11.888
-0.825
7.926
7.926
1.469
11.269
11.269
-6.175
11.888
11.269
-0.972
1.145
7.926
-0.988
7.708
7.926
-0.126
7.926
11.888
4.921
11.269
3.139
-0.566
11.888
7.926
-1.18
11.877
11.259
1.091
fixedStep chrom=chrX start=71128599 step=1 span=1
7.904
-0.467
11.259
11.877
0.064
11.877
11.259
1.835
2.255
7.919
-0.056
7.919
7.701
-0.753
7.917
7.917
0.061
7.699
11.256
-6.937
11.874
11.256
-0.492
7.917
7.699
-1.696
-0.324
7.917
0.604
11.877
7.701
0.184
11.259
7.701
0.035
7.919
7.919
-1.162
3.117
7.919
-3.851
11.877
5.982
-0.364
11.259
7.919
0.435
7.701
7.919
-1.078
9.395
7.894
-10.354
11.877
7.701
-1.029
4.905
11.877
-1.539
7.701
11.259
2.24
7.919
11.877
1.498
0.899
7.919
0.535
0.877
0.977
1.138
1.453
7.919
-2.072
11.877
11.256
1.73
11.877
11.259
-0.499
0.019
7.919
2.069
2.744
7.919
-0.049
7.701
3.117
-0.198
0.977
3.117
0.195
11.877
0.877
-11.771
11.874
5.984
-0.804
2.687
7.919
0.868
7.701
7.701
-0.775
7.919
7.701
-5.274
5.997
7.919
1.116
7.682
7.899
-0.897
4.768
4.718
0.488
11.824
7.668
-3.197
11.824
fixedStep chrom=chrX start=71129115 step=1 span=1
0.885
7.895
11.841
-0.172
2.723
11.841
-2.339
11.841
11.224
-0.667
1.822
2.664
3.022
11.841
11.224
-0.101
0.962
7.678
-2.746
11.841
11.224
3.733
7.678
7.678
-10.793
11.841
11.841
-0.193
9.955
7.678
-1.767
-0.155
9.955
-0.381
0.841
7.895
-1.122
11.194
7.658
-0.211
7.875
11.809
0.627
7.658
11.809
-1.01
2.644
7.875
0.036
4.873
7.875
-0.795
7.658
7.875
-2.345
7.658
11.194
-0.862
7.658
7.875
-1.125
7.875
7.875
1.389
3.071
3.121
2.257
4.742
7.641
-0.517
7.641
7.641
-0.921
7.64
11.167
-1.457
3.978
6.11
1.052
11.052
9.197
1.047
5.879
7.566
2.73
7.779
8.478
2.16
7.566
11.052
3.847
4.231
7.562
-4.455
11.655
11.049
-0.194
9.617
11.655
3.709
9.129
fixedStep chrom=chrX start=71129317 step=1 span=1
1.445
11.265
11.265
2.57
7.704
7.705
0.466
0.798
0.879
-9.695
3.092
0.979
-1.183
11.884
11.884
2.629
11.265
7.923
-0.473
2.261
11.884
-1.445
7.923
7.705
-0.079
7.923
7.705
0.877
7.923
11.884
2.909
11.884
11.265
0.59
2.761
11.884
0.263
7.705
11.265
6.009
7.705
7.923
3.093
1.059
7.924
3.023
11.886
7.706
0.315
11.886
7.706
-0.213
0.975
7.706
0.138
7.706
11.266
3.093
11.266
11.266
2.713
0.854
11.886
2.259
11.266
7.924
-1.416
11.886
0.942
1.613
11.886
2.677
-0.236
11.886
11.886
1.865
11.886
7.706
-0.145
11.886
7.924
5.773
7.924
7.924
5.094
11.886
7.706
2.264
11.886
7.899
0.572
0.867
7.897
0.421
11.226
11.226
2.64
11.843
7.68
-0.284
3.096
7.897
-0.188
0.939
7.897
0.679
3.096
7.897
-1.143
7.68
7.897
0.043
11.793
fixedStep chrom=chrX start=71129681 step=1 span=1
4.433
11.744
11.133
4.116
11.747
7.619
-1.733
11.747
11.135
1.863
5.926
7.835
4.256
11.135
11.135
5.013
11.747
9.864
-1.04
6.092
7.619
-0.795
9.84
11.746
4.846
7.833
7.833
1.763
5.189
4.843
-0.834
7.16
7.833
3.896
7.827
7.619
2.264
11.746
11.746
2.458
11.746
7.495
2.062
1.755
7.619
3.388
11.746
11.134
4.368
11.746
11.134
4.616
3.943
7.834
1.813
4.843
7.619
3.234
11.746
11.134
3.759
11.746
11.134
3.972
11.746
11.134
4.985
11.746
11.746
1.426
11.746
9.694
2.442
7.521
11.746
0.737
2.58
8.576
2.729
3.393
3.575
1.484
3.211
8.797
-1.848
3.823
6.942
2.471
3.268
11.746
4.408
6.747
11.746
5.852
5.929
7.38
4.19
3.978
11.744
2.392
7.47
11.744
2.096
5.816
9.836
1.708
11.151
3.052
2.233
6.828
7.892
0.834
7.892
7.675
0.067
4.054
6.192
3.045
11.842
11.225
2.644
9.363
5.986
0.63
11.843
7.68
2.533
11.226
5.251
3.513
1.468
7.922
3.027
4.085
3.662
-0.811
9.938
1.548
0.006
7.922
11.264
2.844
11.882
7.704
0.872
8.133
3.662
2.249
6.217
9.4
-1.022
11.881
7.922
3.015
7.704
7.922
-1.035
2.251
11.882
0.385
11.264
4.042
1.142
11.252
7.914
5.997
7.914
11.87
1.456
7.697
fixedStep chrom=chrX start=71129851 step=1 span=1
11.252
0.765
7.697
11.252
11.87
fixedStep chrom=chrX start=71130036 step=1 span=1
11.252
2.982
7.915
11.871
11.871
11.871
7.915
4.682
11.871
11.871
7.92
11.871
11.252
0.398
7.697
4.632
-0.049
7.915
11.871
2.764
3.359
7.915
0.303
11.252
11.25
0.961
2.396
2.235
-5.881
1.42
6.207
1.588
6.188
11.869
-0.454
5.956
5.42
1.831
9.966
11.251
0.627
11.251
6.738
2.743
6.221
11.249
0.055
5.935
6.166
0.275
1.446
7.914
-2.919
2.771
5.383
0.929
11.869
11.251
0.585
7.696
7.696
-3.586
11.869
7.914
5.915
0.107
7.914
2.643
4.714
5.226
-1.244
8.098
5.257
-6.118
5.257
1.452
-2.123
7.697
11.252
2.677
11.871
7.695
-0.995
7.697
11.252
3.541
1.807
4.632
0.246
2.772
7.915
0.621
4.126
7.915
11.871
7.697
11.252
1.599
7.697
7.915
-0.826
11.252
7.915
0.129
7.915
11.871
0.279
7.915
11.252
-0.473
7.697
7.697
-0.976
5.964
11.252
0.132
0.603
9.978
-0.025
0.62
7.913
0.967
0.818
2.349
0.979
9.943
11.213
1.072
2.447
-0.035
-20
5.197
4.104
0.013
9.777
11.215
-5.083
11.831
11.831
-0.091
11.831
11.215
0.046
8.085
11.215
0.61
5.973
1.819
-3.98
7.672
11.215
1.737
0.603
11.871
-0.073
7.697
11.252
0.543
7.697
4.632
0.584
11.252
7.915
-0.064
11.252
11.252
1.277
7.697
11.871
-2.666
11.252
7.915
1.207
5.999
7.915
-4.719
6.321
11.25
7.603
fixedStep chrom=chrX start=71131551 step=1 span=1
11.23
0.351
0.459
7.899
3.468
11.847
11.23
1.786
7.682
11.23
3.019
7.899
11.847
11.847
11.23
7.686
0.266
4.72
7.903
8.662
2.229
11.85
-0.181
7.686
11.235
2.248
7.901
7.686
-0.609
7.903
2.251
-1.357
-0.443
7.903
3.975
11.852
11.235
0.152
3.353
7.903
-0.02
7.684
11.233
2.644
1.134
7.901
-1.495
11.231
7.901
11.85
11.233
7.901
1.423
11.233
11.233
2.975
7.684
11.233
4.004
6.127
2.752
-0.19
2.718
2.76
-0.164
7.957
4.146
0.135
4.724
5.338
-0.291
fixedStep chrom=chrX start=71132074 step=1 span=1
9.297
1.038
11.153
7.848
11.768
11.153
11.153
0.012
2.346
1.411
0.103
2.722
7.848
-0.362
-0.067
7.848
1.269
11.768
11.156
1.055
11.156
11.156
-0.103
11.153
7.846
-7.744
11.768
7.631
0.115
11.156
11.156
3.445
7.549
7.632
-0.542
11.156
7.691
0.061
11.243
7.908
-8.299
11.857
11.243
2.167
11.86
7.893
-0.152
7.908
6.189
0.249
7.689
11.24
-0.736
7.691
11.243
2.644
7.893
7.691
-1.995
11.862
7.69
-3.664
11.862
11.244
5.149
11.133
5.927
0.545
11.694
11.694
0.444
6.265
7.591
-0.234
1.677
5.454
1.575
4.955
4.648
-0.937
11.695
11.695
2.951
5.935
1.662
-1.049
0.28
3.991
-0.105
2.966
7.616
0.667
5.28
4.002
4.759
5.822
5.767
2.164
6.823
4.159
4.355
1.764
7.618
1.755
9.051
9.693
2.702
8.027
7.305
1.992
7.857
5.448
7.618
11.133
9.273
5.843
2.56
3.283
0.383
11.133
11.133
4.396
7.618
7.618
0.084
8.584
7.833
2.774
7.618
7.833
3.292
9.274
11.744
fixedStep chrom=chrX start=71132378 step=1 span=1
7.923
7.705
-0.045
0.47
1.973
-0.421
11.883
11.264
-0.074
7.705
11.868
-0.871
1.933
1.832
-2.008
11.881
11.881
-0.352
11.883
6.217
-0.759
7.923
11.883
11.883
0.864
7.923
1.523
11.883
7.921
5.086
11.883
7.703
-3.672
7.703
7.703
-0.739
7.705
7.923
0.214
11.264
7.921
0.303
11.883
7.705
0.007
11.264
5.483
0.856
0.861
7.925
5.238
7.707
7.707
-0.192
9.406
6.013
-0.766
7.927
7.709
-0.418
11.889
7.927
-0.76
7.71
11.275
0.748
11.894
11.894
-1.515
1.447
3.668
-4.287
11.894
7.93
1.719
0.817
7.93
0.467
11.275
11.275
1.328
11.894
7.712
-0.981
11.894
7.712
-0.541
11.894
11.894
4.99
11.894
11.275
-0.084
11.894
11.275
0.286
-6.02
7.93
2.211
11.894
11.275
2.672
11.275
11.275
0.125
11.894
11.894
-0.95
7.712
11.272
4.651
6.003
11.275
-0.179
-0.301
7.93
3.887
11.894
4.234
-2.657
6.307
7.71
-0.501
4.161
5.963
-0.324
7.928
6.006
-1.675
0.845
3.576
-0.862
11.272
11.272
2.999
11.891
11.272
2.28
1.814
11.891
-7.269
11.891
11.272
0.052
1.102
9.975
0.436
7.705
9.396
0.839
11.272
11.272
0.214
7.71
11.272
0.386
11.272
11.272
1.989
11.269
11.888
fixedStep chrom=chrX start=71132846 step=1 span=1
11.252
6.209
11.868
7.913
7.694
-1.089
2.232
7.913
-0.295
0.033
7.913
4.463
11.25
11.868
0.142
7.696
11.25
1.934
7.696
9.387
0.544
6.003
7.696
-3.491
7.914
6.209
2.743
0.062
7.913
-0.377
7.913
7.696
-5.465
0.275
7.914
5.924
11.87
7.914
0.401
7.696
7.914
0.026
9.388
6.003
-8.425
7.914
11.87
0.315
4.069
7.914
0.167
11.252
11.252
1.347
11.87
11.87
0.177
7.695
11.252
1.119
9.981
11.252
0.488
11.87
11.252
0.528
7.696
11.252
0.075
7.696
11.87
-10.995
11.87
11.252
0.33
11.87
11.87
-0.016
7.696
7.914
0.238
4.921
7.914
-4.584
7.084
7.696
-1.519
7.914
7.696
-0.217
3.356
7.914
-1.26
0.32
8.032
-1.075
7.054
1.556
0.144
7.696
11.252
0.91
9.98
7.914
0.738
0.146
6.224
-1.051
7.696
11.252
11.825
fixedStep chrom=chrX start=71133124 step=1 span=1
7.916
0.697
2.651
7.907
0.505
11.235
-0.157
-1.385
11.255
11.255
-0.607
7.916
11.872
11.873
0.731
9.965
0.704
11.873
9.387
-0.959
4.449
3.519
0.432
7.698
2.7
0.351
7.916
11.255
1.465
0.964
1.223
1.101
11.873
11.255
-1.255
6.584
11.255
-2.958
1.235
2.622
-0.343
11.255
9.391
1.93
0.856
7.691
0.198
4.752
2.718
5.08
7.691
11.244
2.088
0.43
7.909
-0.171
11.244
7.909
11.862
7.691
11.244
-3.771
11.834
11.218
3.037
11.862
7.691
-0.533
1.456
7.909
0.094
3.115
11.244
1.632
2.248
7.909
0.454
1.795
11.862
1.121
7.689
7.905
-0.109
11.238
11.215
0.025
-0.329
7.905
11.855
fixedStep chrom=chrX start=71134358 step=1 span=1
6.179
0.08
11.864
9.976
-0.926
9.976
11.864
-0.338
11.246
7.911
11.864
7.911
7.911
1.217
11.864
11.246
1.121
11.246
7.693
-9.659
11.864
7.911
0.203
7.693
11.246
2.631
0.611
11.864
-0.657
11.246
11.861
-0.069
11.244
7.692
0.135
7.692
11.244
2.984
0.872
2.734
6.716
11.244
7.692
-1.909
11.244
7.692
-11.751
11.861
11.243
0.476
7.909
11.861
9.974
11.861
7.692
-4.4
-0.035
6.494
0.632
7.692
7.909
-0.608
7.692
7.909
0.431
2.256
7.909
1.092
3.077
11.244
3.969
7.117
7.909
0.84
11.244
7.909
1.134
11.244
0.973
1.144
2.662
3.077
-5.451
9.974
11.864
0.023
11.246
7.693
-5.142
11.864
6.205
-9.415
9.972
11.246
1.102
9.38
6.204
8.695
7.693
11.246
1.372
0.701
6.008
0.457
11.246
11.246
2.71
11.246
11.246
fixedStep chrom=chrX start=71134714 step=1 span=1
11.861
11.243
0.727
0.872
7.909
-0.85
7.909
7.909
0.252
11.241
7.689
-0.637
11.241
7.69
-8.397
11.858
7.907
-0.445
-0.825
7.907
0.722
11.858
11.241
0.255
11.241
7.907
11.858
1.458
7.907
1.087
2.733
11.858
-10.977
11.858
7.907
0.241
1.837
7.907
-1.66
9.353
7.907
5.994
11.235
11.235
-1.99
9.966
11.852
-0.568
9.371
5.992
-3.505
-1.95
7.903
0.697
11.852
7.686
-3.901
3.075
7.686
-5.269
11.85
11.233
0.276
2.671
7.902
5.956
7.902
7.684
-2.752
11.233
4.634
0.026
2.709
0.97
-0.208
7.903
7.686
-15.353
7.687
4.141
-0.592
11.855
11.855
-0.807
1.982
9.809
0.126
2.677
0.971
2.661
11.855
9.345
0.244
11.855
11.237
-0.679
11.237
11.237
1.1
11.237
11.237
0.15
3.294
11.855
-1.054
11.855
7.687
-2.505
7.905
9.374
-0.502
9.374
7.905
11.855
11.237
11.237
0.119
-1.024
7.905
0.215
11.855
2.875
0.025
11.237
11.237
5.956
11.237
11.237
2.14
2.691
7.905
-1.587
-0.202
-0.815
2.645
fixedStep chrom=chrX start=71135093 step=1 span=1
11.228
-0.222
11.845
11.228
3.683
-0.441
7.898
1.063
11.845
6.423
-0.931
11.845
11.228
-1.518
0.61
0.084
-1.815
5.986
2.725
-0.073
7.898
5.983
-2.975
11.845
11.228
0.423
11.228
11.845
1.328
0.266
7.924
1.66
11.884
11.266
-0.01
11.266
11.266
0.86
11.884
7.924
-0.102
0.407
0.126
-0.502
7.699
11.255
2.139
0.876
7.916
2.011
0.868
7.916
0.631
7.686
7.686
-1.2
-0.062
7.903
0.798
4.886
7.686
-0.504
11.235
8.095
1.66
5.988
0.961
0.104
11.235
2.911
-2.536
0.128
9.962
0.178
9.965
11.235
-2.678
9.966
7.903
1.558
11.235
7.903
2.885
9.321
7.686
-13.036
7.903
11.852
0.883
11.852
11.235
0.723
7.686
7.686
-8.099
0.845
2.657
4.014
11.852
11.855
0.264
7.905
7.687
0.601
1.142
7.905
-2.449
11.237
7.903
-4.919
11.855
11.237
1.45
11.237
7.687
-0.496
11.237
11.237
0.48
11.855
11.855
0.018
11.237
11.237
0.828
11.237
11.237
1.644
11.248
7.912
-1.701
9.954
7.694
-7.129
11.866
11.866
0.022
7.912
7.912
-8.519
11.866
11.248
-0.028
7.902
7.684
-1.497
11.233
7.902
0.133
0.965
0.932
0.869
11.233
11.233
3.105
11.233
11.233
0.717
3.071
11.233
11.85
fixedStep chrom=chrX start=71136282 step=1 span=1
11.819
0.044
3.334
6.177
-2.134
7.674
9.339
0.789
9.888
5.086
-0.025
5.107
5.999
-0.345
9.382
5.994
-0.34
9.367
9.367
0.904
4.917
6.797
0.103
9.382
4.046
4.497
-0.267
6.198
-0.065
7.91
5.996
-4.155
5.994
5.999
-1.088
6.198
8.644
9.973
9.955
9.369
-0.114
0.118
6.194
-0.792
5.092
6.189
-1.37
11.847
9.284
3.905
8.607
11.847
-2.505
-0.829
0.931
2.669
9.367
11.229
3.053
0.844
0.408
-13
0.96
4.909
-0.609
11.847
4.874
-5.19
2.687
4.909
-3.986
5.985
7.9
-1.32
7.9
7.683
-3.065
7.9
11.847
11.847
8.674
2.339
1.781
7.9
11.847
11.847
7.9
7.9
-0.408
11.847
11.847
0.434
11.23
7.683
-2.346
9.993
7.923
-0.99
7.703
9.976
-0.804
8.71
7.923
-4.449
11.883
11.264
0.872
1.086
11.883
0.308
-0.466
3.119
-2.191
9.996
7.923
0.612
2.672
0.88
-3.644
0.437
4.084
-0.618
3.548
3.578
-2.334
11.881
11.262
1.241
11.881
11.262
-0.456
7.703
11.262
3.523
7.703
11.262
0.315
4.07
3.578
-4.466
-1.591
7.921
0.097
0.113
7.921
-0.091
4.076
7.921
-0.775
7.921
11.262
-0.467
7.703
11.262
0.111
11.262
7.703
-2.191
7.703
9.397
-0.078
2.243
1.262
0.338
0.905
3.546
1.502
7.703
7.703
0.095
0.646
3.578
1.358
7.703
7.703
1.154
4.44
11.88
-6.438
1.875
1.143
-0.764
6.205
11.26
-1.404
6.21
6.982
2.231
1.837
7.921
0.393
11.876
9.393
0.51
7.701
6.006
-5.683
1.103
7.918
-0.349
7.701
7.701
-8.811
1.851
7.918
2.875
7.701
7.701
-2.4
7.701
7.701
-2.397
9.988
11.258
1.658
11.876
11.258
-3
11.876
11.258
1.008
11.837
9.357
-0.021
4.889
7.676
-0.199
1.108
7.676
-2.808
2.59
3.977
-0.38
3.98
7.676
-1.327
0.392
0.864
-0.564
-0.191
0.688
-0.639
0.822
0.642
-0.249
11.834
11.218
0.319
7.675
7.675
-2.04
11.836
9.355
3
9.354
3.154
0.506
11.22
9.358
1.368
2.172
4.04
-1.412
1.129
7.675
-0.446
11.836
11.22
3.45
5.926
4.827
1.049
4.827
5.887
-1.111
9.225
11.084
2.302
2.679
3.321
-0.624
9.902
4.082
-0.322
11.171
5.414
1.722
0.295
2.717
-4.947
11.783
9.9
0.224
0.77
5.828
-0.685
9.783
3.962
0.453
2.703
5.894
0.04
2.493
7.589
-1.828
8.056
0.198
-2.105
7.009
5.948
-4.555
9.893
6.117
1.068
6.681
6.117
0.154
2.722
5.885
0.845
4.739
11.167
4.573
5.408
9.305
2.246
9.306
11.167
2.521
0.135
2.705
-0.591
5.692
5.91
-1.134
11.167
11.167
2.831
4.363
7.486
1.756
11.167
5.41
4.536
11.167
11.164
-0.162
7.639
11.777
0.071
8.956
3.634
0.803
5.891
11.074
7.487
2.774
7.579
-0.683
1.723
5.889
-1.968
-0.033
1.826
0.558
11.074
11.074
2.908
4.489
4.02
-2.425
11.682
11.076
7.391
fixedStep chrom=chrX start=71136880 step=1 span=1
11.099
1.08
7.81
7.631
-0.3
6.522
5.601
-0.85
5.725
7.81
5.793
11.708
7.461
1.154
2.653
5.902
fixedStep chrom=chrX start=71136896 step=1 span=1
-3.01
6.304
7.417
-1.755
5.064
9.827
1.368
6.958
5.806
-4.171
9.824
8.508
0.071
5.806
7.586
-1.088
7.8
8.611
-1.553
3.851
6.322
-1.71
11.674
7.788
1.638
6.755
7.574
-0.122
11.693
7.8
0.88
5.894
7.586
0.591
3.315
5.858
-0.389
11.693
9.226
1.382
4.736
7.801
0.569
0.201
7.801
1.109
7.586
11.085
0.761
7.586
11.085
-4.391
-1.076
3.943
-1.789
5.171
5.443
0.07
2.246
6.045
-0.606
1.408
2.79
-0.081
4.966
7.558
-0.128
6.794
6.007
1.504
0.527
7.559
-0.404
7.559
9.078
0.456
1.51
7.801
-0.666
7.877
4.405
3.274
7.801
11.085
-0.001
3.673
9.466
0.882
7.586
5.172
2.914
0.815
4.093
0.389
1.063
7.559
2.512
5.625
6.045
2.441
2.815
7.122
1.719
3.252
7.778
-0.261
7.778
11.051
-2.12
3.896
7.564
0.148
7.564
11.055
2.213
11.055
9.202
2.681
7.569
11.059
2.104
5.882
7.569
-1.106
2.185
7.783
-1.213
7.568
7.568
0.603
9.784
7.568
2.23
11.664
fixedStep chrom=chrX start=71137188 step=1 span=1
0.978
11.709
11.709
0.408
7.596
7.596
-0.007
7.596
11.709
-3.791
7.047
7.811
3.405
11.709
11.1
1.757
2.248
7.596
-4.257
7.811
11.1
0.784
7.596
11.709
0.114
7.596
7.596
-6.907
1.486
6.104
4.224
0.526
11.707
0
0.774
7.809
4.001
4.802
5.927
-0.268
3.416
7.809
3.215
5.863
6.712
2.578
11.097
11.097
4.491
0.668
7.809
4.242
4.82
2.675
-2.3
0.787
4.755
0.001
3.239
11.707
3.32
3.952
7.594
0.962
0.433
5.852
-1.213
6.09
9.211
1.025
4.676
7.575
-3.54
9.782
9.762
1.259
9.793
7.789
5.658
1.064
7.789
1.45
4.789
7.575
0.033
2.711
5.888
-0.811
0.322
3.896
-0.118
6.912
7.789
4.923
5.718
4.885
-0.228
1.748
6.959
-4.459
9.738
7.789
2.635
7.647
7.789
3.197
5.518
11.574
-0.467
0.811
7.789
0.119
11.676
11.068
1.45
5.769
7.164
-3.275
1.198
2.999
-0.356
2.274
6.818
-0.822
7.791
11.07
0.182
9.212
11.07
8.519
3.35
5.95
-3.627
1.074
7.576
-4.043
4.372
6.01
2.733
7.791
11.07
2.171
4.824
11.678
0.604
7.576
11.07
4.845
7.576
11.07
2.289
7.575
9.118
1.605
7.575
7.575
-0.168
-0.123
3.966
-4.914
11.676
5.001
2.863
7.575
7.575
1.32
7.575
11.068
3.092
11.676
11.676
3.619
7.575
11.068
3.272
4.794
8.132
3.584
7.586
7.801
0.179
7.586
11.694
1.251
7.586
11.085
3.4
7.585
11.085
4.422
7.586
7.801
4.773
7.586
11.085
9.747
fixedStep chrom=chrX start=71137559 step=1 span=1
10.969
6.385
9.112
8.36
0.592
7.51
10.969
2.893
11.57
11.571
4.16
7.789
7.722
1.714
0.628
7.753
4.882
9.73
9.659
1.142
7.54
11.015
3.173
3.996
7.54
0.427
4.059
7.54
1.177
11.619
6.054
0.389
7.54
9.069
1.339
7.54
11.015
5.673
11.015
7.753
6.384
4.425
5.839
0.522
1.397
7.54
-0.695
5.859
2.807
0.738
6.03
7.54
1.724
4.15
7.54
-1.397
7.753
11.015
-2.119
9.737
9.709
-0
2.714
7.753
4.424
7.54
9.077
8.457
9.069
4.757
-0.028
5.96
7.54
4.769
7.54
11.015
11.619
fixedStep chrom=chrX start=71137727 step=1 span=1
11.668
0.618
7.785
10.974
0.367
10.974
7.512
3.349
1.358
7.512
2.116
7.724
10.974
0.614
8.409
3.554
1.186
7.724
7.512
2.105
7.512
10.974
2.691
7.138
7.724
3.484
11.577
11.577
7.882
0.215
7.724
2.285
7.512
10.974
3.736
7.512
10.974
3.408
4.685
9.041
4.709
0.283
7.514
4.566
9.62
8.369
3.957
5.765
5.764
-3.53
7.364
5.831
6.703
9.695
11.583
2.13
9.074
5.803
4.75
8.905
7.727
11.583
11.583
7.728
9.678
7.516
7.516
3.164
5.833
7.516
7.516
10.98
5.571
4.71
7.728
10.98
3.205
6.003
7.516
3.14
4.57
7.284
2.557
7.516
10.98
6.47
5.778
5.832
2.554
7.728
10.98
-0.081
7.516
7.595
7.311
9.127
11.583
4.732
5.533
7.516
3.481
7.516
10.98
3.83
4.621
7.491
1.805
1.915
7.516
4.063
6.796
7.514
5.823
10.977
9.088
2.442
3.882
7.514
4.023
9.133
7.514
4.064
5.819
7.726
2.228
7.396
4.852
9.033
11.58
10.977
2.731
5.787
7.514
0.559
5.557
7.514
-0.561
7.514
11.58
3.906
7.514
10.977
0.365
4.667
7.726
5.339
7.499
10.955
-0.147
7.499
9.077
4.94
3.903
9.487
4.825
4.625
7.501
3.892
10.958
11.559
2.664
11.559
11.559
3.885
7.713
10.958
3.355
9.66
7.713
1.685
7.501
10.958
2.559
7.501
10.952
3.76
7.497
10.952
7.14
11.553
7.497
2.113
7.497
7.497
2.603
3.848
3.451
1.672
7.709
10.874
-0.031
9.586
7.229
fixedStep chrom=chrX start=71137920 step=1 span=1
2.974
7.437
10.941
-3.499
11.538
9.497
3.994
2.076
7.701
1.396
1.841
4.734
1.65
2.955
5.134
0.039
1.341
3.97
1.152
7.522
10.99
2.552
10.99
11.59
fixedStep chrom=chrX start=71140636 step=1 span=1
6.035
7.736
2.26
3.475
7.524
-0.016
7.524
10.991
-0.102
7.524
9.055
7.324
1.082
4.788
0.08
1.344
7.736
2.336
7.523
9.09
3.125
7.523
10.99
0.537
2.186
5.787
1.182
0.299
5.794
1.008
8.914
7.736
5.003
6.625
7.736
1.446
4.861
9.665
-0.041
0.303
4.673
0.07
4.712
7.729
7.365
1.688
3.114
-0.175
2.098
5.817
-3.726
0.527
7.728
6.404
6.17
6.083
-0.76
1.454
4.766
-1.233
7.516
10.977
3.828
4.851
9.535
-2.238
9.696
7.727
0.583
4.662
7.361
1.715
3.1
5.784
-1.73
3.327
7.79
-8.439
6.356
7.672
1.37
4.65
9.595
-0.353
3.838
7.445
-0.661
1.252
5.972
0.179
1.609
7.446
1.007
9.025
7.656
1.981
1.323
7.656
0.862
4.664
7.46
-0.839
9.603
10.303
3.863
7.034
8.204
2.215
6.712
4.922
-0.381
6.509
7.822
0.068
7.053
8.389
-1.596
5.232
5.119
-1.145
7.11
3.805
-5.27
6.948
4.506
-6.661
7.072
5.315
-3.04
7.019
5.244
-3.934
2.776
6.268
-2.584
7.283
5.516
-4.975
5.392
3.807
-2.252
5.215
5.001
-2.009
6.068
7.024
-7.91
6.499
5.391
-8.33
3.91
7.717
-10.786
6.425
7.472
-7.282
fixedStep chrom=chrX start=71140810 step=1 span=1
7.229
5.528
-2.258
7.424
8.939
-0.453
5.688
5.814
3.577
2.082
8.684
-0.67
3.698
5.668
-0.779
6.314
3.903
0.188
3.685
7.032
0.957
7.224
7.478
0.288
5.253
8.248
4.379
7.398
6.629
0.86
7.401
4.349
1.071
7.436
9.004
0.712
5.712
8.925
4.86
4.947
3.313
-0.164
1.284
4.754
-0.222
0.769
9.547
4.279
fixedStep chrom=chrX start=71141231 step=1 span=1
10.248
2.97
7.049
8.525
1.126
5.558
10.239
0.394
7.017
8.401
-2.68
7.039
10.262
-1.795
7.038
7.256
-3.392
5.306
8.284
-3.826
5.421
8.82
-1.258
7.376
7.543
-1.236
5.623
7.584
-4.525
7.292
6.462
-1.579
5.48
6.219
-2.687
5.365
3.822
-3.31
4.489
4.112
-2.878
5.603
4.72
-6.449
5.042
5.594
-5.681
4.946
3.308
-6.917
2.825
4.311
-0.511
4.681
6.031
-2.87
6.427
5.196
-2.783
3.162
1.576
-2.401
6.944
5.129
-2.935
5.138
1.253
-2.982
4.929
3.856
-3.292
5.244
1.494
-1.318
0.472
0.086
-2.438
3.969
2.994
-2.054
3.893
4.481
1.009
3.771
1.861
0.297
3.888
1.705
0.089
5.484
4.664
0.638
7.278
4.74
1.293
7.371
4.094
1.394
4.62
4.223
4.377
1.398
4.674
-1.791
9.503
7.394
-1.027
7.42
7.42
-0.901
4.672
7.439
0.034
7.41
7.292
0.053
3.893
5.71
-0.467
7.459
8.823
1.568
5.775
7.459
-0.036
7.475
8.984
4.963
3.955
7.415
0.052
7.418
8.765
3.675
7.418
7.477
1.658
5.791
8.973
11.512
fixedStep chrom=chrX start=71141884 step=1 span=1
7.57
1.265
7.363
10.754
6.29
7.363
11.343
-0.166
7.363
10.754
6.169
11.343
11.343
-0.146
7.363
7.57
1.07
7.363
10.754
3.673
7.363
10.754
6.306
10.754
7.363
-5.721
7.363
10.754
2.295
7.363
10.754
1.019
7.363
10.754
3.553
7.362
10.75
0.703
7.362
10.752
11.342
10.752
7.362
0.212
11.339
7.362
0.977
11.342
7.362
0.547
1.291
7.569
7.174
11.342
7.569
0.954
1.603
11.342
3.07
7.362
10.752
-0.116
7.362
7.569
0.782
7.362
10.752
3.176
7.362
10.752
0.397
7.362
10.752
4.162
7.371
7.579
0.293
5.891
7.368
0.71
10.761
fixedStep chrom=chrX start=71142176 step=1 span=1
2.773
9.238
5.864
0.593
7.595
11.098
6.606
7.595
7.595
3.177
7.595
11.098
4.389
7.595
7.595
2.657
11.098
2.448
0.594
11.098
5.796
4.787
11.098
10.798
5.705
8.918
7.809
3.42
7.809
7.809
2.296
11.707
11.707
9.232
4.814
11.751
3.301
7.838
3.205
5.932
6.128
8.409
9.279
4.521
1.067
2.174
1.508
0.531
0.804
0.794
11.607
4.276
9.265
2.509
3.735
7.967
2.509
4.777
-0.818
1.516
5.734
1.424
1.088
6.536
2.823
3.044
2.868
1.384
3.92
0.443
7.288
8.466
9.14
1.841
0.654
0.602
5.516
4.291
1.737
3.923
2.128
0.136
1.8
0.682
0.389
0.286
1.163
1.071
3.681
3.446
1.08
2.679
2.785
2.858
1.776
3.099
3.343
0.645
0.26
1.189
1.739
1.741
1.641
-0.473
0.398
0.326
0.885
0.865
1.57
1.614
0.701
0.84
1.13
-4.655
1.441
6.462
2.683
4.459
1.152
3.748
3.623
4.228
6.726
1.353
2.752
3.766
3.759
3.897
3.964
2.264
3.566
7.565
2.732
2.881
1.733
7.265
4.921
7.234
4.739
1.385
2.226
1.753
2.727
2.252
3.87
4.825
1.402
7.807
3.236
5.253
6.642
8.414
5.927
4.145
4.838
4.854
1.584
7.843
7.843
7.843
7.843
6.167
11.01
6.01
5.001
2.083
5.918
1.01
5.69
4.996
7.843
7.843
7.843
6.862
5.734
7.843
11.147
7.84
6.133
7.843
7.824
6.119
11.73
6.142
7.843
11.147
9.183
1.189
5.683
3.415
7.359
8.027
2.848
1.302
3.253
5.305
4.948
1.812
3.77
6.682
6.428
4.848
2.805
9.828
6.06
2.773
9.866
9.874
4.983
7.843
7.843
7.843
7.843
8.436
7.843
11.147
3.372
4.651
3.39
6.139
9.276
7.843
7.843
7.808
7.967
7.843
11.147
3.391
6.864
8.438
7.744
1.792
4.511
2.679
4.854
5.902
1.742
5.919
5.761
7.928
7.527
5.936
4.106
7.494
4.338
1.418
8.48
2.165
2.487
2.102
3.136
3.234
9.148
11.076
5.992
11.076
1.729
9.121
2.672
7.881
6.496
7.863
11.684
7.469
5.875
4.878
5.874
7.792
7.792
7.794
9.805
7.58
11.019
7.901
7.95
