track type=wiggle_0 name="470 phyloP" description="470 mammals Basewise Conservation by PhyloP"
fixedStep chrom=chr3 start=151086890 step=1 span=1
2.537
3.279
7.629
5.656
3.921
7.402
2.19
7.402
8.791
7.56
5.867
7.353
7.473
4.777
4.792
1.395
1.59
5.947
7.402
4.575
8.263
11.402
-0.225
3.233
10.809
7.59
5.709
10.809
7.611
11.402
5.649
11.402
5.624
11.402
10.809
7.611
7.402
10.809
7.611
11.399
11.399
7.4
4.658
9.529
7.4
5.723
7.609
7.609
7.4
11.399
11.399
11.399
7.4
7.609
0.594
5.719
7.609
3.79
10.807
11.399
3.768
7.609
10.807
5.917
11.399
10.807
3.668
7.4
8.964
9.518
8.9
11.399
5.842
7.4
7.4
3.372
7.4
7.609
6.34
10.827
10.829
3.94
7.416
11.424
2.138
7.416
7.416
3.431
5.737
11.424
0.597
7.416
7.625
-0.036
11.424
11.424
3.705
7.416
7.416
4.827
7.416
7.416
-0.829
11.424
10.83
0.159
11.424
7.625
3.829
7.625
10.83
1.24
7.416
7.416
0.839
7.416
10.83
4.906
11.424
10.83
3.823
7.416
7.416
0.484
10.845
10.845
6.329
7.426
8.997
7.254
10.845
10.845
4.845
11.44
10.845
11.44
fixedStep chrom=chr3 start=151116339 step=1 span=1
11.08
1.171
11.688
11.08
1.489
7.582
7.796
-4.366
11.08
7.582
-6.326
11.688
7.582
-1.34
9.762
7.796
3.875
11.08
9.225
-1.556
11.688
7.796
-0.285
11.08
11.08
0.432
7.582
11.08
1.501
11.688
11.688
0.257
7.796
7.796
3.252
11.08
1.223
1.727
11.08
11.08
-0.307
7.582
11.08
2.877
7.582
7.582
-4.708
11.688
7.582
0.341
6.08
7.796
1.099
5.56
3.959
-4.447
11.688
11.669
0.613
11.669
11.062
-4.154
11.669
11.062
0.076
5.877
11.062
-0.454
11.669
8.389
0.196
6.029
5.865
-4.709
11.669
7.57
0.416
4.985
8.329
0.475
11.062
9.2
-0.08
4.599
7.784
-0.641
9.782
6.029
-0.752
9.125
7.784
-0.094
11.062
11.062
0.204
5.829
7.57
-0.894
4.126
7.57
-0.221
11.062
11.062
11.669
fixedStep chrom=chr3 start=151122784 step=1 span=1
7.834
-0.557
9.858
9.761
1.784
9.821
7.619
-0.485
6.076
11.137
0.865
7.834
7.834
-0.179
11.155
11.768
3.998
11.155
9.881
2.216
11.155
7.847
4.445
3.425
7.847
5.32
11.768
7.631
fixedStep chrom=chr3 start=151122812 step=1 span=1
-1.828
11.768
11.155
5.082
11.155
11.155
2.629
0.795
7.847
-0
9.228
9.293
2.209
4
6.128
-0.273
11.155
11.155
0.79
11.155
7.631
0.893
6.138
7.847
3.306
7.631
9.228
6.535
11.768
11.155
1.053
7.947
5.938
-2.989
9.85
8.531
0.135
9.228
8.046
9.837
11.15
9.293
6.633
11.155
11.155
0.026
7.631
7.631
0.091
7.631
11.155
9.287
7.549
6.142
-0.161
11.155
11.155
-0.783
5.13
3.919
-0.534
11.155
11.155
3.011
11.768
11.155
0.835
11.155
9.294
1.475
7.847
9.214
-1.744
7.847
11.768
11.768
2.726
7.847
6.579
11.768
6.142
-0.951
7.999
7.631
-1.57
2.378
5.929
-0.207
4.851
9.881
0.741
6.123
7.631
-0
5.931
11.155
11.768
9.294
9.802
0.288
9.853
3.307
-0.61
11.155
7.847
1.176
5.899
11.155
-0.177
11.155
6.436
-0.114
7.847
11.768
11.763
7.843
7.843
1.409
6.085
4.836
0.031
11.763
11.149
0.398
1.877
7.843
3.05
11.763
7.628
1.225
11.763
9.847
2.631
11.15
5.28
0.031
11.15
11.15
0.606
7.628
7.628
0.182
5.932
7.843
0.034
2.801
4.845
0.854
2.593
5.076
1.409
2.342
7.843
7.343
11.763
7.628
1.766
11.15
11.15
7.016
11.15
11.15
11.763
fixedStep chrom=chr3 start=151127826 step=1 span=1
7.863
1.156
7.647
7.647
0.027
11.179
7.863
0.212
4.856
7.863
-0.19
11.179
11.793
1.473
11.179
9.316
3.079
11.179
11.179
0.478
11.793
11.179
1.457
11.793
11.179
0.893
9.908
7.863
0.046
7.863
7.863
1.212
11.793
4.004
0.404
7.863
6.99
0.303
1.516
7.863
6.155
11.793
7.647
-0.108
9.204
8.059
0.55
6.152
11.179
-1.683
6.103
5.947
-1.835
11.793
7.863
6.586
7.647
7.647
2.902
3.823
7.863
11.793
7.166
7.863
0.665
5.946
11.793
1.185
11.793
7.647
-0.044
1.091
4.017
-2.123
7.863
11.793
11.793
1.088
7.863
0.686
11.179
7.863
2.718
11.179
11.16
9.887
11.16
7.851
11.775
11.162
7.636
-4.853
6.138
11.775
4.181
11.775
7.636
2.72
7.851
11.162
-0.605
7.851
9.291
-1.527
6.132
5.926
1.145
6.667
4.012
-0.627
5.335
7.851
0.181
6.078
7.621
-1.464
11.751
11.139
2.961
9.86
7.621
0.037
11.139
11.139
3.024
5.923
7.836
0.208
11.139
11.139
9.867
11.139
11.139
0.348
5.889
11.751
-1.592
7.621
5.788
5.093
-0.114
2.176
-0.076
-0.537
4.667
-6.517
11.751
11.139
0.863
7.621
7.621
-1.595
9.199
7.952
0.469
0.201
7.836
5.158
11.751
fixedStep chrom=chr3 start=151156162 step=1 span=1
0.823
7.826
11.731
11.731
11.121
7.611
-1.054
7.611
11.121
-4.125
9.218
7.826
1.077
3.453
5.921
-1.015
11.121
7.611
0.085
4.442
7.569
-0.299
7.857
9.189
-2.971
7.641
7.857
-0.658
2.981
11.779
0.787
11.779
11.166
0.963
7.641
11.166
2.857
-2.671
7.857
5.196
5.835
1.047
-1.665
11.166
9.305
5.728
11.166
7.857
0.013
5.226
7.641
-6.206
11.779
11.166
1.034
7.857
7.857
-1.108
6.15
9.306
1.374
7.641
9.305
1.371
-4.089
2.323
7.563
3.988
2.2
0.034
0.921
5.939
0.659
4.592
3.254
-1.641
-2.931
0.596
-4.63
2.113
9.785
-7.691
7.371
9.272
-13.348
4.545
5.818
-0.082
1.767
4.822
-2.468
1.407
4.176
-2.531
2.875
3.91
-12.376
3.822
6.147
0.397
3.259
7.605
-14.057
2.681
1.128
-8.73
11.789
9.31
-6.757
11.789
7.863
0.69
8.576
11.175
0.453
4.863
8.055
-0.892
9.876
7.647
-1.548
1.416
4.197
6.598
3.447
1.23
1.593
7.647
11.175
0.083
7.863
11.789
11.789
8.589
8.055
0.202
7.863
11.175
0.398
9.311
6.044
-14.436
9.902
8.987
-0.603
11.175
7.048
5.747
-0.66
7.863
3.447
9.903
3.314
-8.241
5.067
5.064
-0.932
5.89
7.044
1.387
3.904
7.863
11.789
6.153
7.863
1.751
7.647
11.175
9.903
fixedStep chrom=chr3 start=151158690 step=1 span=1
11.179
4.742
11.793
11.793
0.759
5.943
7.866
11.793
0.252
7.866
-0.273
11.793
11.179
1.469
7.722
9.228
-0.018
7.649
11.179
-7.652
11.793
11.179
0.217
7.866
7.973
0.907
0.019
7.866
5.827
6.869
7.637
-3.131
7.853
11.773
11.773
9.3
7.853
1.075
1.136
7.853
5.111
11.773
11.16
-1.109
9.887
6.15
-1.203
-0.067
7.857
0.687
11.78
11.166
0.223
11.167
11.167
5.023
4.734
2.784
2.21
1.926
9.89
1.326
7.641
7.641
-1.422
3.586
1.92
5.82
11.78
11.167
-1.495
11.78
11.167
-5.406
8.544
7.025
-1.612
5.938
7.857
0.025
7.641
7.857
-1.716
11.167
11.167
1.374
7.641
7.857
-0.319
-0.749
7.857
0.192
-0.319
7.857
0.056
7.641
7.641
-3.536
2.674
7.857
-3.089
9.303
5.058
8.605
1.775
7.857
3.852
5.941
9.306
11.78
fixedStep chrom=chr3 start=151159833 step=1 span=1
9.313
-0.282
7.871
7.655
-2.717
11.801
9.326
-1.244
11.801
9.326
1.584
7.875
6.172
0.158
9.923
7.875
-4.703
7.659
8.069
3.996
7.871
7.655
-1.174
9.913
7.655
-0.017
7.871
11.187
0.577
7.655
7.87
3.009
7.863
7.655
-1.332
7.655
11.801
-1.676
7.655
11.801
-0.435
7.655
7.871
-4.255
11.801
7.655
0.35
7.871
6.719
1.807
6.172
7.875
-4.087
7.875
11.801
1.929
8.632
7.655
0.66
4.77
9.915
0.941
5.965
9.92
-1.169
5.967
7.875
-3.653
4.089
7.656
-0.392
-0.242
7.873
4.28
4.033
6.167
0.59
3.293
7.869
3.785
8.071
5.703
-6.844
11.797
9.322
-7.01
8.077
11.793
0.805
1.83
4.892
0.765
0.381
0.015
0.602
7.648
5.071
-0.087
2.214
4.113
-9.548
2.476
4.879
-3.836
5.774
4.879
0.125
5.954
6.895
1.079
4.185
7.651
-2.812
7.651
7.651
-0.347
7.651
11.181
0.588
0.811
6.16
8.539
4.632
6.16
1.767
2.956
6.159
-2.63
11.79
7.52
0.981
1.547
7.652
-0.163
6.855
2.131
3.95
2.971
-1.607
0.572
0.834
7.651
-2.961
0.932
7.436
-0.228
0.716
6.074
-8.085
4.803
8.077
1.324
3.302
3.945
-1.927
3.812
7.652
-0.063
11.183
9.911
2.23
7.652
7.652
-11.06
9.89
6.228
-1.09
-0.126
4.016
-4.208
1.798
7.56
-11.664
9.774
7.284
-0.464
3.953
7.56
-14.176
7.471
6.934
-0.3
0.225
6.166
8.622
7.052
8.554
0.116
7.652
7.652
-11.574
2.845
3.401
1.84
7.652
11.183
4.526
2.184
6.166
3.357
7.537
4.033
0.825
5.119
6.308
0.549
6.162
5.962
-3.948
11.804
11.189
-0.004
7.873
2.789
-2.25
1.428
6.168
-5.096
4.19
5.962
0.801
7.873
11.804
-1.024
5.478
5.964
-4.737
7.656
11.187
2.237
7.656
11.189
-12.069
9.467
11.804
-2.492
7.656
7.656
-0.242
0.613
7.873
2.884
8.629
7.873
-2.489
6.157
7.005
-3.134
11.804
11.804
0.182
7.656
7.873
-1.766
11.189
11.804
-1.533
7.873
11.804
0.04
9.319
7.873
9.917
0.145
7.873
1.421
7.656
11.189
11.804
fixedStep chrom=chr3 start=151163894 step=1 span=1
4.878
-0.951
8.547
7.875
0.861
9.33
5.967
0.438
7.659
7.875
0.212
7.875
11.81
1.156
7.875
11.81
4.032
7.659
7.659
8.084
11.195
11.81
7.875
11.81
7.659
5.967
5.079
7.875
8.625
11.81
7.875
5.914
7.875
11.81
11.81
9.33
11.195
-0.159
7.875
11.195
-7.796
3.507
5.966
2.114
3.969
5.967
-0.063
6.165
3.556
-7.127
11.81
11.195
0.714
6.168
-1.234
-1.595
11.195
5.433
5.079
7.063
2.323
-2.352
-1.642
-2.298
-3.308
6.078
3.54
2.226
4.899
7.659
-2.508
11.81
11.81
1.041
7.875
7.659
-5.485
7.659
7.659
-2.84
2.216
7.875
5.105
11.808
11.195
-2.999
2.197
6.169
3.794
2.564
7.874
2.065
7.658
3.947
1.798
8.603
7.875
1.172
11.81
7.659
-3.774
7.659
7.659
-4.188
7.875
7.659
0.107
6.092
5.919
0.001
5.902
7.875
-2.267
7.659
7.659
-0.216
9.297
7.875
11.81
5.962
7.659
-6.32
11.81
11.81
-9.445
11.81
11.81
1.255
11.195
11.195
0.588
3.587
7.659
-5.661
3.927
4.886
-2.675
7.875
7.875
2.658
11.195
9.33
-0.717
7.659
11.193
3.895
7.659
11.195
9.911
fixedStep chrom=chr3 start=151165421 step=1 span=1
7.894
-0.063
5.986
11.839
1.531
8.663
7.677
0.362
6.954
7.466
4.59
9.356
7.894
0.885
6.189
8.097
-1.817
11.839
11.222
3.503
8.666
2.357
-1.992
11.839
11.222
0.232
7.677
9.359
3.467
7.677
11.222
6.658
11.222
7.894
1.033
11.222
11.222
-0.66
4.896
6.992
0.147
6.444
11.839
3.068
11.839
11.839
0.424
7.677
9.952
-1.037
11.839
7.677
-9.124
11.839
7.894
0.599
11.839
11.222
1.276
11.839
7.894
-1.369
5.969
11.839
3.314
7.894
11.839
11.839
7.894
7.677
-0.011
7.894
6.181
-0.292
11.839
9.363
2.246
11.222
fixedStep chrom=chr3 start=151165499 step=1 span=1
11.222
4.526
7.894
11.839
2.748
7.677
9.357
-2.711
11.839
11.222
2.165
4.956
5.974
-3.627
7.077
5.981
0.308
11.839
7.677
11.222
11.839
fixedStep chrom=chr3 start=151165847 step=1 span=1
0.085
9.951
7.894
0.921
11.222
7.677
-1.016
11.222
7.894
-0.693
7.04
4.509
-0.316
4.063
11.839
1.178
11.839
5.088
-0.795
0.937
7.894
2.931
5.964
11.222
1.102
11.222
7.677
-8.848
-0.69
7.894
6.651
11.839
11.222
2.954
11.839
6.188
0.194
1.552
7.894
3.913
11.839
11.222
0.025
5.982
11.839
-0.077
7.677
11.222
-0.524
6.187
8.675
0.505
7.892
7.894
0.471
11.839
11.222
2.222
4.054
11.839
0.969
8.929
4.891
-5.424
11.839
11.222
0.171
6.157
5.984
0.409
8.114
11.839
4.885
11.222
11.222
0.134
7.894
7.677
-1.144
6.013
7.894
9.941
11.839
11.222
4.005
9.355
7.677
-5.841
5.984
7.894
-0.262
6.166
9.359
0.634
5.982
11.222
0.059
9.356
9.359
4.938
8.056
7.894
0.313
7.894
7.894
3.341
7.894
11.839
11.839
3.359
3.339
0.433
7.789
9.153
2.718
7.677
9.353
3.531
9.268
8.084
2.26
11.222
8.109
2.205
11.839
11.222
-1.479
7.069
0.865
1.796
7.677
11.222
1.259
11.839
11.222
11.839
fixedStep chrom=chr3 start=151185331 step=1 span=1
3.449
-5.649
8.551
7.622
-1.029
4.858
7.622
1.414
8.03
1.295
-10.388
11.751
11.139
-6.178
11.751
11.139
0.372
9.851
7.622
-14.162
11.751
7.838
7.52
11.751
7.838
4.418
7.954
2.216
-10.853
0.018
7.838
0.853
-1.941
7.838
0.251
7.838
11.751
-1.255
11.751
11.139
-1.706
7.838
11.751
11.751
11.751
7.622
-20
11.751
7.838
3.856
11.139
11.751
5.929
6.055
11.751
-0.125
11.139
9.27
-0.562
-0.075
11.751
0.012
7.838
7.622
-2.4
11.751
11.751
-0.133
7.964
8.03
0.523
7.622
11.139
1.782
1.193
11.751
2.83
11.751
7.622
-2.004
11.139
7.838
9.757
11.751
4.004
-15.654
11.751
6.132
3.7
11.751
7.622
-4.173
11.139
6.973
-1.876
7.622
7.838
-0.257
-1.717
7.838
5.841
11.751
9.257
6.646
11.139
11.139
8.479
3.732
11.751
0.845
7.622
11.139
0.314
9.862
4.853
-3.741
11.751
11.139
-0.264
4.104
6.074
-5.4
11.751
11.139
5.841
7.547
5.927
-0.996
11.749
11.139
7.363
fixedStep chrom=chr3 start=151188355 step=1 span=1
11.78
1.137
7.857
11.78
1.203
11.78
11.78
-2.84
11.78
11.167
-0.13
5.037
7.634
-1.37
11.78
11.167
2.156
9.833
3.465
0.441
0.896
6.149
0.013
11.78
11.167
0.019
11.78
11.167
4.347
11.167
11.167
2.852
11.78
8.061
0.431
7.857
7.631
0.059
2.721
7.857
0.579
6.135
7.641
0.668
7.857
7.641
0.135
9.732
2.695
-4.468
7.842
7.626
-1.067
2.216
7.842
0.038
4.43
5.933
1.512
11.773
8.559
0.658
4.082
7.637
-0.635
6.057
9.887
-0.055
0.446
5.057
5.768
7.637
7.637
-0.169
3.004
7.853
1.466
7.853
7.853
0.575
7.637
11.16
6.642
8.054
11.16
0.416
11.773
7.853
0.156
2.236
7.853
-0.528
2.169
7.853
0.519
5.23
8.614
0.736
7.845
7.853
3.464
2.75
7.853
3.059
11.773
11.16
1.153
11.16
7.637
1.096
7.637
11.16
2.908
11.768
7.624
-1.678
7.634
7.634
-0.995
2.315
4.861
-2.888
-1.288
7.847
2.98
6.076
fixedStep chrom=chr3 start=151190718 step=1 span=1
1.95
11.837
11.22
-0.888
7.676
7.676
-7.197
4.178
6.182
-0.006
11.22
11.837
-3.37
9.901
11.22
-0.895
4.203
7.469
-0.875
11.837
11.22
0.018
11.22
9.358
3.036
6.577
0.683
-0.389
9.95
11.22
-0.695
7.893
7.893
-1.203
5.897
7.893
2.918
11.22
8.107
-0.244
0.805
7.893
8.667
11.837
7.893
3.886
3.349
7.893
6.674
4.047
7.892
-2.588
7.893
7.893
-0.35
6.185
11.837
-8.403
11.837
11.22
6.716
5.097
7.893
0.816
11.22
7.893
2.725
4.855
11.837
-2.851
7.676
9.306
-9.838
11.837
11.22
-9.368
7.611
7.893
0.264
7.893
7.892
0.27
7.893
7.676
-0.413
7.676
11.22
-10.798
9.95
11.22
-15.109
8.588
4.904
-8.77
7.893
11.22
0.422
11.22
6.189
9.949
7.893
11.837
-0.504
8.094
7.676
-1.367
4.844
7.893
1.657
9.356
7.893
-0.415
7.893
7.676
-4.72
4.922
11.837
-0.503
11.837
11.837
0.237
9.95
11.22
0.096
-3.379
7.893
3.859
2.9
7.673
-12.243
0.92
1.95
0.551
3.441
0.884
-7.035
5.516
5.826
0.723
3.434
7.52
-5.417
2.931
5.933
-9.312
2.834
6.46
0.519
3.879
4.74
-10.083
1.262
6.405
0.499
7.718
7.546
-6.281
5.824
7.517
-2.394
1.574
-0.116
-9.284
11.825
7.53
-0.108
11.825
9.349
-2.124
2.883
4.57
-3.255
0.857
-2.417
-2.924
9.925
8.073
-20
9.932
11.212
-2.242
4.057
4.609
-1.293
6.169
6.068
-1.787
0.161
2.167
-6.177
9.256
11.212
3.279
9.922
7.056
-0.314
4.036
5.286
-6.148
6.684
4.152
-4.73
1.466
0.077
1.793
9.35
5.346
0.004
3.702
4.222
9.748
11.828
9.255
9.925
fixedStep chrom=chr3 start=151193491 step=1 span=1
5.035
0.312
7.837
7.837
-0.424
7.837
7.622
1.845
7.622
7.622
0.378
8.036
7.837
3.367
2.128
4.848
1.873
11.752
11.752
3.411
11.752
11.14
0.418
-0.207
7.622
3.231
7.837
11.752
0.666
11.752
9.278
4.455
6.96
1.377
-0.453
1.885
-0.109
2.202
7.96
1.824
0.407
-0.042
4.843
1.107
0.308
5.932
-0.224
0.244
6.138
8.378
2.435
6.401
1.869
4.446
11.755
7.019
6.862
11.755
4.307
3.242
4.068
3.546
4.928
7.495
-2.936
1.881
6.005
0.017
6.733
7.995
-1.025
3.569
7.521
-0.38
11.755
11.143
4.491
11.143
11.143
4.816
-0.001
7.697
3.832
-0.931
0.592
1.789
11.009
7.863
3.872
6.776
11.614
0.536
11.614
11.009
2.034
11.009
7.919
0.013
0.343
4.965
-4.163
3.239
11.755
3.347
11.755
11.143
1.569
-0.191
7.839
0.124
11.141
7.839
0.895
7.839
6.092
-0.525
7.624
7.624
0.191
7.839
7.624
-1.656
11.143
11.143
0.038
7.842
11.148
-1.087
9.864
7.993
2.71
7.627
6.138
0.003
5.932
6.141
-1.64
3.28
11.76
-0.651
7.627
11.148
0.764
0.711
6.131
2.034
7.627
11.148
1.025
7.842
11.148
-0.596
11.76
7.627
0.573
11.148
7.627
-1.375
7.627
11.148
0.033
7.842
7.842
-2.099
7.627
7.627
0.146
6.075
7.842
2.249
7.627
7.627
2.319
3.998
5.017
11.76
fixedStep chrom=chr3 start=151350060 step=1 span=1
11.158
-1.292
11.771
9.298
-0.361
6.146
7.633
1.121
7.849
5.942
1.192
9.288
5.727
1.175
7.633
11.158
-0.106
11.771
11.14
0.63
7.849
8.596
3.461
11.158
11.158
4.012
7.633
11.158
4.535
7.633
11.771
0.454
9.295
4.863
-1.147
4.103
6.146
1.086
5.942
7.849
0.051
7.633
7.849
-0.8
7.849
9.294
-5.977
11.771
11.771
0.166
11.771
7.837
-2.199
11.771
11.771
-0.056
11.158
6.959
0.163
9.885
7.908
4.484
5.941
11.771
-1.866
11.771
9.184
-15.955
7.459
9.295
1.732
11.771
1.788
-2.125
1.278
8.545
2.276
7.633
9.297
-0.442
5.942
9.295
2.982
1.77
7.849
5.127
11.158
9.297
11.771
9.244
6.997
2.595
6.871
7.849
0.417
9.298
7.633
5.937
11.158
4.556
5.396
11.771
11.158
-0.12
9.245
7.849
1.061
1.373
7.849
5.029
8.002
4.662
1.16
8.045
6.144
1.004
4.003
7.849
-1.033
9.292
11.158
-0.385
6.946
9.263
6.619
9.298
11.158
5.139
3.561
11.771
1.114
6.984
1.907
0.606
-0.367
4.85
-5.73
11.771
8.005
2.801
1.726
1.15
-9.795
7.429
4.314
1.696
11.766
fixedStep chrom=chr3 start=151355122 step=1 span=1
1.058
8.399
6.286
0.429
11.614
11.01
-1.537
11.614
11.004
1.198
11.598
9.681
-0.119
4.747
2.575
-0.021
9.035
3.965
3.939
0.235
2.117
1.732
6.805
7.36
3.333
7.895
4.61
3.668
9.155
-2.38
0.79
7.895
3.412
-0.764
fixedStep chrom=chr3 start=151355156 step=1 span=1
7.535
7.895
0.43
11.614
11.01
0.519
1.216
2.546
-1.329
6.052
6.034
-0.399
7.535
5.848
-1.725
5.729
3.188
-4.835
1.362
2.249
1.513
9.736
11.01
3.308
4.031
3.98
-6.825
6.516
4.966
-0.062
7.748
6.056
1.701
4.549
4.766
-0.979
11.01
11.01
0.499
4.78
7.748
-0.333
7.535
9.152
-2.27
7.535
3.275
-0.765
5.846
7.748
-1.658
7.748
7.535
-20
4.969
11.01
0.07
7.748
4.089
-1.538
11.614
11.01
0.233
7.535
11.01
0.071
7.535
11.01
0.787
7.535
11.01
0.486
11.607
7.743
0.545
10.999
7.528
-1.827
4.115
7.526
-0.307
7.519
10.986
11.589
fixedStep chrom=chr3 start=151355897 step=1 span=1
7.793
1.025
7.793
7.579
-0.99
7.956
4.006
0.822
11.076
11.076
-6.802
11.684
7.793
0.524
3.268
7.793
0.204
11.684
9.211
-0.8
7.579
11.076
-2.293
9.124
7.797
1.151
9.124
5.883
-0.836
11.082
11.69
1.704
7.797
7.797
-1.674
8.528
7.583
-11.493
4.139
4.822
-2.759
11.69
11.69
-0.447
9.222
2.184
-7.28
7.776
7.562
-2.331
7.776
9.089
-2.062
7.562
11.05
-1.389
5.875
7.776
-0.777
7.562
7.562
-8.359
-6.096
7.789
6.505
11.69
4.822
-0.65
5.878
11.048
-0.001
7.561
11.086
-4.994
1.219
7.8
-2.506
7.586
11.086
1.231
3.962
7.8
-0.911
11.086
5.006
4.823
7.8
7.8
-1.52
11.694
11.086
0.08
7.586
7.8
1.347
11.086
7.8
11.681
11.694
11.086
1.784
4.824
3.971
-2.432
8.533
7.586
-12.295
1.335
7.8
0.156
11.086
7.983
-0.007
11.086
7.8
3.258
9.226
6.966
-4.407
11.694
11.694
-0.431
2.19
7.8
-5.547
11.078
7.795
-0.885
11.686
11.078
2.175
7.795
7.795
-2.113
9.679
7.581
-0.35
11.078
6.089
0.763
7.581
11.078
11.686
fixedStep chrom=chr3 start=151357214 step=1 span=1
7.872
-0.437
4.029
7.872
-0.393
11.193
11.193
-2.02
11.807
11.193
-0.203
1.346
7.872
3.949
7.91
9.864
-1.225
9.864
7.872
-3.235
11.807
7.872
-0.246
11.807
11.193
0.842
11.807
7.656
-14.612
11.807
11.193
-1.397
1.382
7.871
2.994
7.656
7.872
-2.01
1.418
7.872
0.141
11.193
9.333
-1.132
7.872
7.656
-0.631
7.872
7.656
0.552
9.331
7.602
3.325
1.391
7.872
6.67
11.807
5.964
-3.091
11.807
11.807
0.031
11.193
3.022
-2.762
7.872
11.193
-0.665
11.193
7.656
-10.642
11.193
7.656
-5.844
9.922
11.807
-4.377
3.276
7.872
0.524
6.125
11.807
-2.829
9.921
7.872
-0.481
7.872
11.807
2.738
11.193
7.872
-12.145
11.807
6.166
5.853
11.807
7.656
-4.944
8.643
7.872
-2.908
4.838
7.872
0.841
0.548
11.807
2.996
2.771
7.594
-2.023
6.166
11.193
0.021
7.656
11.193
-3.379
9.243
5.416
-4.008
7.872
11.807
-0.611
4.032
7.872
2.531
11.193
7.872
0.023
1.069
7.872
0.97
11.193
8.079
-1.45
7.656
5.962
-6.559
11.807
11.193
-1.834
7.656
11.193
3.671
11.193
5.964
-0.374
11.807
7.656
-0.703
7.656
11.193
4.414
11.807
7.872
6.631
7.872
7.872
-0.158
11.807
11.193
6.75
11.807
11.807
fixedStep chrom=chr3 start=151360475 step=1 span=1
0.002
7.789
1.772
7.789
11.677
0.144
8.5
9.793
-2.685
11.677
7.789
2.703
11.677
7.789
-0.934
11.07
11.07
1.572
5.836
11.07
-2.013
11.677
5.003
-4.819
8.527
2.294
-0.479
11.07
11.07
0.104
7.575
4.811
-0.337
7.789
7.575
-2.641
11.677
11.07
0.175
5.003
11.677
-3.19
7.789
7.575
-1.138
7.789
7.575
-1.329
4.811
7.575
-8.603
11.677
11.07
0.206
3.932
11.677
1.882
7.789
11.675
0.785
11.07
7.789
2.165
0.198
7.789
2.528
11.677
7.575
5.888
7.789
11.064
3.963
7.571
7.785
4.805
7.785
11.064
-4.792
11.671
11.064
-2.636
5.884
7.785
0.084
7.785
11.064
-4.904
5.779
4.128
0.917
7.785
7.571
-1.849
7.785
11.671
-0.581
11.064
11.671
0.391
7.571
11.064
2.131
3.968
7.785
3.358
6.778
8.522
4.65
11.064
9.769
0.138
9.141
11.064
6.025
7.785
7.785
-0.155
11.671
11.671
5.28
11.671
11.064
3.26
7.571
7.785
3.923
7.785
7.785
3.94
11.064
11.671
fixedStep chrom=chr3 start=151364980 step=1 span=1
8.084
8.65
2.8
8.64
4.888
4.888
7.873
11.809
2.894
6.154
5.96
1.3
11.194
11.194
5.394
11.809
7.873
0.027
11.194
11.194
3.959
4.877
11.194
0.295
11.194
7.657
1.107
11.194
7.873
0.671
7.873
11.194
0.324
8.061
5.234
0.03
11.194
9.329
-2.122
11.809
7.873
4.311
4.413
5.146
4.838
7.657
7.657
1.886
8.229
7.657
0.11
8.084
11.194
-0.591
7.873
7.657
-1.444
11.194
11.194
0.601
0.29
7.873
3.831
1.118
fixedStep chrom=chr3 start=151365044 step=1 span=1
7.172
-0.424
7.873
11.809
11.809
11.809
8.065
-0.112
7.657
7.657
-5.919
9.906
11.194
1.171
7.873
7.873
0.03
11.194
7.873
11.809
4.28
7.873
7.583
9.906
9.246
0.308
5.066
5.08
-0.053
8.062
7.873
-0.05
9.876
9.298
7.544
11.194
11.194
-0.601
7.657
7.657
-2.811
2.894
5.941
-2.901
8.643
4.024
-0.131
4.318
6.481
-0.461
7.968
5.666
1.049
0.856
6.166
5.965
11.194
8.065
0.256
7.873
11.194
0.699
1.9
4.872
-1.429
0.626
4.209
6.682
2.239
7.871
1.133
11.805
11.805
1.426
11.19
11.19
6.624
4.65
4.202
0.818
7.654
7.871
-2.763
11.19
6.567
-1.862
9.902
11.19
1.805
11.19
8.052
-8.811
7.553
7.654
-14.169
8.618
7.654
-0.109
9.31
4.14
-0.56
5.961
11.805
1.091
7.871
11.19
0.765
11.19
11.805
0.843
7.871
7.871
-2.449
11.805
7.871
-0.231
7.871
11.805
0.825
11.19
11.19
-2.211
7.997
5.957
-4.641
7.654
7.871
1.84
11.19
7.871
11.805
8.062
11.19
-0.147
11.789
7.871
-1.171
7.871
11.805
0.018
8.08
7.871
9.92
11.805
11.805
-0.193
5.961
9.332
-1.981
7.654
11.19
5.828
11.805
11.19
-5.905
5.795
7.654
-7.357
8.597
8.462
-0.996
6.641
11.805
fixedStep chrom=chr3 start=151365851 step=1 span=1
9.413
6.179
0.029
11.278
11.278
-5.528
11.898
11.278
2.782
9.339
7.932
3.135
11.898
7.714
1.141
11.278
4.81
0.468
2.333
7.932
0.42
7.932
6.24
0.01
5.322
6.007
-14.068
11.898
11.278
3.072
0.864
7.932
0.648
11.278
7.714
-7.349
11.898
6.019
-2.262
7.932
10.009
2.262
7.932
11.898
0.01
9.353
6.017
-3.018
5.946
3.542
-2.225
6.015
7.932
-7.148
11.278
11.898
-0.291
6.225
7.714
-5.445
11.898
11.278
-0.572
7.932
11.898
11.898
2.736
7.932
5.823
11.898
11.898
-2.129
11.898
7.932
-3.911
3.362
7.932
2.042
11.278
11.278
6.763
11.898
7.714
-1.464
6.019
7.932
-5.246
7.932
11.898
-2.531
7.932
11.898
-0.05
7.932
7.714
-0.296
6.208
7.714
-1.625
11.278
11.278
0.463
6.017
11.278
-4.314
11.898
6.226
1.969
7.932
11.898
10.008
11.898
11.898
-1.263
7.932
7.932
1.492
11.278
11.278
0.05
11.898
11.278
0.075
8.293
7.932
-3.933
7.714
7.932
0.167
7.932
11.898
4.929
11.278
3.557
-1.531
11.898
7.932
-0.421
11.898
11.278
2.937
fixedStep chrom=chr3 start=151367647 step=1 span=1
7.933
9.646
11.28
10.009
5.119
11.899
11.28
4.908
7.715
7.933
5.029
7.933
7.715
1.794
7.933
7.933
7.715
7.715
11.28
4.255
11.899
11.28
2.914
7.933
7.715
4.593
2.331
7.933
8.058
11.899
7.715
5.026
11.28
7.715
4.192
7.933
7.933
7.715
9.415
6.157
4.261
11.899
7.715
1.203
11.28
7.933
2.919
5.991
7.933
10.009
11.28
7.933
6.206
11.899
7.715
4.93
5.994
11.899
2.297
7.715
11.28
6.595
7.933
11.899
1.91
4.231
7.933
-0.002
6.227
6.02
1.44
2.261
7.933
5.18
11.899
11.28
2.621
11.899
11.28
2.131
8.686
7.933
0.811
10.011
7.933
5.014
7.715
9.415
1.644
6.02
9.415
-2.729
11.899
3.555
-11.614
11.899
6.02
-15.051
4.937
7.933
-2.18
7.715
7.715
0.419
7.933
7.715
-0.111
7.715
7.933
0.706
2.72
7.933
-3.516
10.009
6.018
-8.269
11.899
7.715
5.451
11.899
fixedStep chrom=chr3 start=151368151 step=1 span=1
0.059
7.932
10.006
-1.399
10.007
11.895
0.33
11.895
11.276
-3.618
8.27
6.016
-14.169
11.895
11.276
-6.436
10.005
7.712
-14.632
11.892
11.273
1.822
5.993
7.711
-11.831
11.892
11.892
1.237
11.892
7.711
-10.793
5.391
11.895
0.177
9.408
7.93
10.005
11.276
7.712
-9.694
7.93
11.895
2.094
4.18
11.895
-0.404
4.076
7.93
-0.185
2.281
7.93
1.673
7.712
7.93
-1.719
7.712
11.276
-3.191
7.712
7.93
1.171
7.929
7.93
0.851
1.443
6.753
-0.55
9.83
7.712
-1.847
7.712
7.712
-2.058
6.02
8.03
2.594
10.001
5.949
2.757
6.216
9.934
1.121
-0.035
5.108
-1.014
0.067
2.891
-0.015
4.061
4.846
-0.213
5.992
9.384
-0.309
8.613
4.054
-0.688
0.184
4.025
-20
11.89
fixedStep chrom=chr3 start=151369437 step=1 span=1
0.08
11.213
11.213
2.888
4.043
7.672
1.2
5.089
5.119
0.264
4.888
5.979
-20
11.829
11.829
4.662
11.211
7.887
0.956
3.167
11.829
0.658
7.889
7.672
-2.775
7.889
7.672
-2.777
7.889
11.829
0.298
11.829
11.213
-0.547
3.551
11.829
0.794
7.672
11.213
2.244
7.672
7.889
0.415
0.114
7.889
0.69
11.829
7.672
-11.014
11.829
7.672
-1.678
9.941
7.672
0.183
7.672
11.213
1.098
11.213
9.354
1.448
8.095
9.939
4.029
11.213
7.889
-0.362
11.829
9.334
7.069
11.829
6.182
4.011
11.829
11.829
5.382
11.829
7.672
-14.54
11.829
7.889
-0.732
7.889
7.889
3.476
11.829
7.672
0.491
11.829
7.889
0.44
0.476
7.889
1.276
11.213
11.213
2.727
11.829
7.672
-0.07
9.351
7.889
0.173
6.686
7.889
8.317
9.351
7.889
11.829
7.672
7.889
0.498
11.829
fixedStep chrom=chr3 start=151372568 step=1 span=1
2.958
11.855
11.237
2.388
11.855
7.687
0.357
9.286
11.237
3.637
9.372
7.904
1.521
9.926
11.855
1.758
11.237
-0.785
0.466
9.339
1.917
2.766
11.237
-1.562
-0.554
9.945
5.997
3.978
6.977
1.071
1.075
1.38
7.687
-0.588
2.321
7.904
2.947
11.237
11.237
5.038
11.237
2.648
-3.396
11.855
11.237
-4.816
11.855
11.237
0.905
7.904
6.182
-0.147
0.009
2.074
0.099
0.179
5.103
7.581
4.478
8.671
2.115
5.108
6.685
-3.544
1.889
6.192
-0.434
2.194
7.221
-3.514
3.531
6.568
-2.778
11.853
11.236
-1
6.58
7.232
0.936
6.189
4.685
-0.454
1.788
1.866
-3.387
11.855
11.237
-3.228
11.855
11.237
-1.262
0.451
3.486
0.112
6.189
11.855
11.855
0.199
1.227
-1.829
2.472
5.974
0.412
1.506
7.687
-2.968
7.687
11.237
-0.075
3.721
0.939
-0.266
-0.149
2.698
-0.336
11.237
11.237
0.864
-0.299
7.687
-0.182
5.105
9.892
-0.674
8.631
9.885
1.499
11.237
9.236
2.643
3.364
0.896
-0.379
3.517
7.904
1.215
6.195
7.687
1.058
6.221
7.904
1.867
11.855
11.237
2.663
11.237
7.687
-9.772
11.855
7.687
1.373
11.237
9.286
-0.967
0.639
7.904
0.886
4.646
6.718
0.246
11.855
11.237
0.787
7.904
11.237
-2.04
11.855
7.687
-2.141
2.753
11.855
5.924
6.182
11.237
-10.135
11.855
7.904
-2.966
2.767
7.904
2.836
6.641
11.855
3.364
8.121
7.687
-6.075
11.237
7.904
2.757
7.904
11.855
-0.199
7.687
11.237
-0.069
7.687
11.237
11.855
fixedStep chrom=chr3 start=151376027 step=1 span=1
11.148
1.323
7.84
11.761
11.761
8.593
7.84
0.333
11.761
11.761
4.556
11.761
11.148
0.525
7.625
9.279
-0.622
7.84
11.761
0.577
0.03
7.83
0.218
11.132
8.014
0.643
9.85
9.258
-0.065
7.615
7.603
-1.59
11.726
11.115
0.112
5.707
11.726
0.462
0.279
7.83
-1.393
7.83
11.744
-0.2
9.264
4.823
-0.247
11.744
11.132
2.138
9.201
8.02
0.304
9.85
11.132
-0.838
5.92
6.116
-0.844
9.258
7.83
-0.827
-3.029
6.116
5.813
11.744
11.132
0.408
7.614
7.614
-5.381
11.743
7.829
1.609
7.614
7.829
-2.03
6.115
5.919
-0.585
6.544
9.263
-2.065
1.6
2.869
1.586
7.614
11.131
6.123
11.743
7.614
-3.099
7.615
11.132
7.529
9.258
6.953
0.623
0.144
7.83
-1.666
-5.202
7.83
2.111
7.615
11.132
4.947
7.615
7.83
-4.139
7.906
7.83
1.75
7.83
11.744
-0.699
7.83
11.132
-0.866
7.615
7.615
-1.306
7.615
11.132
-2.719
9.849
11.744
1.048
3.994
6.067
-0.783
8.014
6.963
0.807
11.744
9.201
-1.699
5.013
5.809
-1.096
-0.178
3.987
-20
11.744
9.201
-0.779
11.744
11.744
-1.815
11.744
9.277
-0.131
5.281
9.218
0.117
-0.219
6.123
0.758
7.615
11.132
-1.256
4.525
8.549
-0.146
7.613
9.207
0.129
5.914
9.261
0.112
9.235
7.828
-1.571
11.13
11.13
2.44
7.613
11.741
0.783
11.13
7.828
-1.931
5.883
7.796
-1.311
7.582
11.084
8.396
fixedStep chrom=chr3 start=151376801 step=1 span=1
11.277
-0.022
7.713
7.931
-0.387
11.896
11.277
0.379
7.713
11.277
4.474
7.931
11.896
11.896
11.277
7.713
-6.97
-0.075
7.931
1.114
6.145
8.674
0.592
7.713
11.277
1.953
7.931
7.713
-0.094
7.931
9.996
9.996
0.246
7.931
-0.502
11.896
11.277
0.386
7.713
7.931
-1.809
7.713
11.277
3.845
-1.707
7.931
0.617
11.277
7.931
11.896
9.404
7.931
0.858
11.277
11.277
-0.7
7.713
11.277
2.217
7.92
11.878
0.561
-1.648
7.92
4.019
11.259
11.259
4.559
11.878
11.259
0.269
6.001
7.702
0.18
fixedStep chrom=chr3 start=151376992 step=1 span=1
11.881
0.581
6.192
7.704
-0.476
11.881
11.881
-1.669
6.219
7.704
-1.713
7.605
6.213
5.825
7.645
7.704
-7.936
11.899
11.28
2.249
11.28
7.933
11.899
11.28
11.28
2.738
7.801
4.671
2.242
-0.173
7.934
-0.161
1.432
7.935
4.077
11.902
11.282
0.84
11.282
11.282
-3.187
11.282
7.935
-0.517
11.902
7.717
-0.97
11.282
9.421
5.257
7.517
7.717
-0.577
11.282
7.717
-3.949
11.28
7.935
-0.173
11.902
11.282
1.88
11.902
7.935
-2.837
6.223
7.934
1.791
6.018
9.397
4.087
6.01
9.414
2.236
7.935
7.717
-4.112
11.902
7.717
-10.106
11.902
11.282
0.84
-0.531
5.127
0.078
6.148
6.193
0.115
5.413
0.623
-0.715
0.6
4.883
-1.277
1.56
6.006
-2.911
5.392
-0.375
-2.226
-0.1
6.006
-5.155
3.055
5.893
-3.223
-0.53
1.949
3.452
7.285
7.609
0.895
2.776
7.923
0.029
7.863
7.863
0.822
1.997
5.341
1.099
4.885
7.646
-2.389
5.202
-0.044
-8.247
2.556
2.579
-1.883
2.5
5.054
-3.799
7.634
5.093
0.181
1.491
0.474
-0.291
0.149
2.321
-4.42
11.884
9.402
-2.057
-0.302
2.25
-1.927
-0.034
1.594
-1.594
1.954
3.402
1.781
1.155
2.221
-10.79
2.849
8.672
-0.347
7.705
3.969
2.09
11.265
3.522
-0.308
11.884
11.884
0.558
8.112
5.191
1.109
11.265
9.404
4.624
5.39
7.705
-0.393
5.096
7.923
-1.236
1.847
7.923
-0.067
11.265
11.884
fixedStep chrom=chr3 start=151378013 step=1 span=1
7.893
7.676
3.972
5.092
4.899
0.424
11.834
11.218
3.113
5.983
9.936
2.19
4.479
8.651
3.508
11.834
11.834
-5.346
11.834
7.893
0.783
7.893
11.834
11.834
0.54
7.893
4.521
9.925
7.893
4.579
11.834
7.676
-0.083
7.676
7.676
-1.255
1.993
7.893
-0.068
11.218
7.893
-5.523
11.834
7.676
0.873
3.834
6.581
2.223
3.338
7.893
2.855
7.676
7.676
-6.468
11.218
7.676
-2.045
7.893
7.676
-4.18
11.834
7.893
1.995
7.676
11.218
1.721
11.834
11.834
-0.665
-0.084
7.622
0.567
11.852
7.905
0.914
-5.223
7.905
2.884
11.235
11.235
0.239
11.852
7.688
-1.36
11.852
7.688
-6.44
11.852
11.852
2.212
11.834
11.218
-0.044
11.852
11.235
0.662
0.848
7.905
0.593
11.852
11.235
4.579
11.235
11.235
1.236
9.965
11.852
-3.09
7.559
11.043
0.81
5.98
9.281
1.814
-1.133
7.905
4.377
11.852
9.919
-4.914
7.905
7.688
-1.874
7.905
7.688
-1.234
7.905
7.688
-1.518
8.09
8.112
-0.043
11.235
11.235
3.046
11.852
11.235
0.271
1.258
11.852
1.548
11.852
11.235
0.217
2.788
11.852
0.709
7.688
11.235
0.529
11.235
11.235
-0.345
7.688
11.235
2.564
11.235
11.235
0.888
11.235
11.852
fixedStep chrom=chr3 start=151380114 step=1 span=1
11.232
7.901
11.849
7.901
7.684
0.41
7.684
7.901
-0.343
-0.197
7.901
6.555
11.232
11.849
0.16
7.684
11.232
0.44
7.684
11.232
-0.001
7.684
7.684
-1.151
7.901
7.901
4.039
5.985
7.901
0.032
7.901
7.684
-1.348
2.224
7.901
9.962
11.849
7.901
0.15
7.684
7.901
-1.865
11.232
7.684
1.115
7.901
11.849
2.24
4.808
7.901
-2.004
11.232
11.224
6.686
11.84
11.84
1.305
7.678
11.214
0.753
11.83
11.214
-0.429
11.83
11.214
-0.849
7.672
11.214
0.461
3.362
11.83
-0.133
11.83
9.328
5.423
11.83
11.83
-0.513
7.672
7.889
-0.201
1.404
7.889
-0.283
9.342
4.901
-1.295
7.889
7.674
-0.092
4.033
7.891
-0.47
5.975
11.217
5.025
11.217
9.345
0.871
7.674
11.217
4.182
11.833
7.891
-0.584
9.339
9.301
0.226
7.674
11.154
11.767
fixedStep chrom=chr3 start=151382657 step=1 span=1
6.181
1.53
fixedStep chrom=chr3 start=151382659 step=1 span=1
0.942
7.884
2.572
9.227
8.618
1.938
11.206
9.314
-1.784
7.885
11.824
9.903
0.843
7.595
2.659
11.824
11.208
0.488
9.929
9.339
-0.279
3.096
8.619
-1.848
5.069
9.336
1.792
4.875
9.327
-2.218
9.886
9.258
-1.17
8.619
11.208
-0.35
1.061
0.148
-6.142
11.208
5.285
0.831
9.926
7.668
-8.269
2.266
9.927
0.247
5.931
9.344
3.367
3.967
6.174
9.922
7.041
3.497
11.824
4.85
11.208
-13.424
9.912
11.208
0.232
11.822
7.668
-11.703
-3.083
7.885
0.914
5.966
11.206
-3.52
4.872
7.884
-7.121
4.862
11.824
-0.62
2.131
7.885
-8.933
11.208
11.208
-0.308
0.151
7.885
9.924
fixedStep chrom=chr3 start=151383780 step=1 span=1
7.916
-0.217
11.872
11.872
1.18
11.872
11.872
-0.581
11.254
7.916
11.872
7.916
7.916
0.174
11.872
11.254
1.836
11.254
7.698
-7.744
11.872
7.916
-1.374
7.696
11.251
3.332
2.308
9.96
1.548
11.251
9.981
0.334
4.579
2.847
-1.367
7.696
9.35
0.834
3.943
8.681
5.133
9.379
6.002
-6.172
2.303
5.989
-2.557
11.869
11.251
0.275
7.914
11.869
11.869
11.869
7.696
-4.693
4.058
7.914
-1.722
5.999
7.914
-5.604
5.968
7.916
-1.185
7.698
7.916
-4.046
5.998
11.254
4.074
11.254
2.414
0.2
8.131
7.916
-2.609
11.254
5.998
-5.656
6.197
5.998
-6.218
9.889
9.983
-0.785
8.063
7.698
-7.528
11.872
7.916
-3.494
11.872
11.254
2.258
3.578
7.916
3.037
7.698
11.254
0.961
7.069
4.037
-3.73
9.38
8.142
3.301
11.254
4.179
fixedStep chrom=chr3 start=151384084 step=1 span=1
11.903
11.283
2.629
1.555
7.893
1.281
7.893
7.893
2.759
11.22
7.676
-0.353
11.22
7.676
-2.173
11.836
7.893
0
5.976
7.893
-0.042
11.836
11.22
0.426
11.22
7.893
11.836
1.816
7.893
8.645
8.658
9.942
-1.966
11.836
7.893
0.305
0.283
7.893
2.137
11.22
7.893
4.073
11.283
9.382
0.276
9.971
11.903
0.099
11.283
7.717
-5.008
-1.932
7.936
1.555
11.903
7.717
0.012
6.223
6
-0.169
11.903
9.325
2.212
2.772
7.936
-0.342
3.534
7.717
-0.857
9.417
-0.093
-2.569
2.761
3.377
-1.055
6.189
4.931
0.451
7.717
6.156
-4.229
11.902
11.903
0.004
8.725
11.903
-0.868
2.547
6.016
-1.649
11.885
11.266
0.983
11.885
11.266
4.501
11.266
11.266
0.008
11.266
8.15
-0.351
5.037
11.885
-4.188
11.86
7.691
-1.757
7.908
11.243
-0.439
9.326
7.908
11.86
11.243
9.349
-0.615
0.65
7.908
-0.275
11.86
7.908
-0.359
11.243
11.243
3.994
11.243
11.243
2.72
1.082
7.908
0.813
8.029
8.039
1.549
fixedStep chrom=chr3 start=151385031 step=1 span=1
11.265
1.663
11.884
11.265
1.059
3.372
7.923
-0.412
11.884
11.884
0.983
11.884
11.265
1.796
9.385
9.391
3.462
1.005
6.69
-0.407
7.923
7.705
0.399
11.884
11.265
1.57
11.265
11.879
0.348
9.38
7.92
-0.726
11.879
11.261
1.811
11.261
4.795
2.307
11.879
7.92
-1.187
3.351
3.497
0.09
7.702
11.261
3.503
-1.605
7.92
3.447
4.906
7.92
-1.247
7.702
7.702
2.354
1.924
7.92
6.72
7.702
7.702
-4.348
11.261
11.261
0.358
7.702
9.324
7.651
11.261
7.702
-6.999
4.179
11.879
-1.08
11.879
11.261
-0.878
2.454
7.92
0.131
11.261
7.92
2.249
7.109
7.702
-2.415
7.92
11.879
0.325
11.879
11.261
0.095
7.702
6.001
-4.332
9.38
6.201
11.879
11.879
11.879
-0.88
7.92
7.702
0.017
0.714
7.92
8.646
11.261
7.92
-3.167
11.879
11.261
0.325
11.261
7.702
-0.855
11.261
11.261
2.508
11.879
11.879
1.708
9.366
11.261
1.128
11.261
11.261
1.407
9.394
7.92
-0.211
9.988
7.702
0.325
11.879
9.991
1.07
7.92
7.92
-0.164
8.702
11.26
0.86
7.92
7.702
-2.001
11.261
7.92
1.557
9.98
9.378
1.238
11.261
11.261
6.167
11.261
11.261
5.481
6.002
11.261
11.879
fixedStep chrom=chr3 start=151387811 step=1 span=1
11.847
0.134
7.682
7.899
0.568
7.682
11.23
3.523
11.847
7.899
-0.857
7.899
7.682
-2.538
3.003
4.912
-3.717
11.23
11.23
3.914
7.682
11.23
6.706
11.23
11.23
0.799
5.904
7.899
1.062
7.899
7.682
0.804
7.682
7.682
-12.409
7.899
11.847
11.847
9.961
11.23
0.399
-0.19
7.899
3.861
3.484
7.899
-0.586
11.847
11.23
2.61
9.953
11.847
-0.734
5.983
7.054
7.263
9.294
6.224
7.426
8.104
6.909
2.17
5.983
7.682
-2.362
9.929
7.682
-3.831
7.59
7.59
-3.419
3.358
7.899
1.497
7.898
7.681
-0.793
7.898
11.847
11.847
11.847
5.983
0.42
7.899
11.847
11.847
7.899
7.899
-7.59
11.847
11.847
3.012
11.23
7.682
-5.549
11.844
7.898
-0.089
5.99
11.844
-3.566
1.815
6.19
1.265
11.844
11.227
1.762
0.63
11.844
-0.574
9.349
5.25
0.444
9.907
6.186
1.849
-0.233
2.907
0.11
6.014
4.146
1.892
5.086
7.995
-14.523
11.844
7.98
2.204
11.844
11.227
-0.286
7.681
11.227
2.604
5.973
11.227
-5.53
5.973
6.2
0.574
4.917
7.898
-0.22
1.132
7.898
-4.711
-1.381
7.898
1.552
5.076
7.974
0.081
7.681
11.225
1.447
9.353
7.679
-3.406
7.681
11.227
0.785
6.285
3.321
-0.006
3.05
-0.831
2.395
7.659
7.659
0.77
7.998
4.158
2.902
7.659
5.96
2.743
4.822
9.902
-2.672
9.309
7.468
-0.884
7.876
11.195
4.882
7.876
7.995
5.952
7.659
7.876
0.115
6.577
11.195
3.044
7.659
7.659
-7.735
3.335
6.16
3.35
7.659
7.659
1.053
4.038
7.876
0.555
7.659
5.962
-0.938
5.952
7.659
-14.654
11.81
11.195
1.845
11.791
11.178
3.907
11.791
11.178
-0.434
11.81
11.195
1.511
9.868
9.249
0.853
11.81
9.336
1.452
0.001
4.034
0.012
0.645
3.284
-4.17
5.091
7.659
-2.669
7.659
7.659
-0.755
-0.658
1.195
-2.001
5.073
5.961
1.548
7.659
7.981
7.588
9.897
9.31
1.63
7.659
7.659
-2.172
11.81
11.195
3.213
3.233
8.638
0.891
11.195
7.999
-0.13
3.487
5.965
-0.432
6.667
3.324
-3.986
11.81
11.195
2.136
1.422
3.493
0.753
3.473
7.659
-1.608
9.913
11.195
2.354
7.659
4.529
3.891
11.81
9.913
-0.639
9.219
8.073
2.274
-0.236
0.82
-3.667
-5.015
4.005
-0.701
0.022
2.045
-5.522
11.844
9.349
-5.213
11.844
9.349
0.215
9.946
11.227
4.412
11.227
8.094
5.204
11.227
8.108
1.599
6.206
6.054
-0.166
11.227
5.45
0.651
9.946
11.844
-0.334
11.227
11.844
5.928
11.21
9.352
2.66
3.286
11.826
-1.275
9.275
9.352
9.939
6.131
3.324
-3.377
11.21
8.091
-0.39
1.917
5.957
-2.612
8.042
3.9
1.778
1.451
4.876
-2.951
2.791
11.826
-0.553
2.469
-0.955
-5.932
11.826
11.21
-3.98
fixedStep chrom=chr3 start=151389980 step=1 span=1
9.355
-0.662
6.182
6.158
0.164
0.254
3.697
-1.465
7.671
7.975
3.503
7.07
5.451
3.286
4.722
-0.468
4.899
0.285
4.221
-2.016
6.183
8.055
2.734
3.314
11.829
5.431
4.574
2.884
5.883
5.977
7.671
1.923
4.857
7.671
-0.679
8.046
7.011
-0.856
6.176
5.35
2.23
3.394
7.671
-3.555
4.044
5.974
-0.783
0.7
7.888
0.011
2.933
5.976
1.392
4.198
7.671
-0.863
7.671
9.279
2.811
3.111
7.888
11.829
2.149
2.387
3.397
7.671
5.158
-0.425
7.671
5.914
-2.278
2.241
5.961
-9.619
4.878
2.817
3.964
0.468
7.661
-1.701
-0.645
5.97
-3.355
-2.097
7.888
2.967
7.888
11.829
11.827
5.886
11.829
-1.081
7.888
11.213
2.701
11.213
1.606
4.018
6.104
7.888
-2.218
0.213
5.059
4.48
7.5
6.68
-0.413
7.671
11.213
4.451
3.326
7.671
-0.997
5.969
5.12
2.101
7.671
9.342
3.313
3.993
7.671
-9.546
0.217
8.623
0.112
6.177
7.888
-2.679
6.092
7.888
1.128
5.977
7.888
-1.463
7.671
9.319
5.916
11.213
4.514
0.403
7.671
3.341
-2.368
-0.024
5.868
-0.496
4.247
7.888
-2.559
0.15
1.296
-0.142
1.449
7.671
9.321
11.829
fixedStep chrom=chr3 start=151394657 step=1 span=1
-0.748
7.62
11.839
0.613
3.43
7.678
1.423
0.854
11.839
-0.284
-1.805
7.895
5.944
11.839
11.221
1.09
1.783
7.678
-5.71
-0.029
4.035
-8.906
4.562
9.916
0.874
2.343
7.678
0.409
4.205
5.122
-2.114
11.839
6.189
0.007
7.678
7.678
-0.122
6.937
3.449
0.284
11.223
9.342
-2.241
11.223
7.678
0.958
11.223
11.223
0.072
7.678
11.223
0.109
11.837
7.678
-3.538
3.254
7.895
1.027
6.139
7.678
-4.002
6.034
11.223
1.804
9.288
7.895
11.839
2.182
7.895
0.423
7.678
11.223
6.708
1.25
11.839
0.342
7.678
11.839
-0.533
7.895
7.678
-15.477
11.839
11.839
-12.021
7.469
4.906
0.824
-0.434
1.919
2.375
1.545
3.496
7.42
7.619
11.136
5.642
4.867
7.678
-10.5
4.899
5.95
-3.243
-2.813
5.897
-2.94
2.768
7.895
-1.726
7.678
11.223
-12.175
1.243
3.324
-5.544
-0.133
5.093
2.227
3.393
7.678
-15.654
5.093
7.678
-7.558
7.633
9.224
4.595
7.679
11.225
4.046
7.679
11.225
1.264
-3.828
6.191
0.456
0.72
5.096
-0.921
7.679
9.323
2.929
6.172
6.191
9.914
9.359
9.345
2.891
5.067
5.079
-2.196
1.186
5.757
0.875
5.421
10.333
1.798
7.23
10.553
2.059
7.421
10.842
2.513
5.861
9.201
3.33
4.814
9.216
-0.719
7.557
11.042
1.371
1.722
9.863
0.961
4.857
6.146
-3.027
5.929
7.847
1.107
2.716
11.818
1.736
7.679
7.986
2.342
7.53
4.049
0.616
7.62
7.944
3.804
-0.156
3.986
-3.822
3.356
8.466
-0.772
7.679
7.679
-2.616
6.189
6.291
3.339
5.953
5.128
-1.915
7.679
11.225
11.842
fixedStep chrom=chr3 start=151409244 step=1 span=1
6.643
0.629
7.714
7.805
3.855
4.071
7.714
-7.545
8.338
7.151
3.796
11.893
9.398
0.819
7.711
7.013
3.552
6.725
6.002
0.752
3.065
6.012
2.769
3.468
6.216
1.437
7.929
5.123
0.059
4.901
7.674
0.215
4.27
3.274
0.233
7.692
11.245
-0.069
3.924
4.011
-1.871
5.999
11.893
2.887
7.708
7.711
-0.333
1.273
7.711
-0.088
4.004
4.905
-0.169
6.009
9.317
3.179
2.263
2.365
-0.185
0.798
7.708
-1.783
7.708
9.386
3.07
6.219
6.197
-0.607
4.842
6.012
1.436
9.958
7.548
3.439
2.215
7.926
4.47
7.708
4.522
1.431
7.708
5.294
1.192
5.929
6.013
5.317
7.708
11.268
11.888
fixedStep chrom=chr3 start=151411279 step=1 span=1
3.26
0.087
1.485
7.834
5.176
3.281
7.619
0.098
5.928
11.139
3.451
11.751
11.751
-0.232
7.834
11.139
-2.233
11.139
7.619
-5.765
8.03
7.834
11.751
7.834
11.139
-10.185
8.423
11.751
1.662
5.357
7.619
-6.466
7.619
11.139
8.587
6.077
5.009
7.481
2.676
7.619
-0.277
0.133
7.834
4.188
7.578
4.437
0.975
7.544
3.254
2.378
1.669
0.654
-1.094
2.172
3.172
-6.836
7.619
5.169
3.016
7.619
2.786
2.274
7.571
5.148
5.836
1.926
4.844
-1.611
4.379
7.336
-1.235
1.131
8.349
-1.907
0.161
4.17
6.609
9.809
6.121
0.378
1.798
7.834
-0.146
7.834
7.619
-0.708
7.619
7.619
-1.496
0.494
5.328
4.842
7.834
5.31
-0.756
5.144
0.61
0.397
1.783
5.943
0.42
4.429
11.751
0.249
1.179
2.558
-0.201
5.015
4.602
-3.337
1.096
7.619
-9.022
3.788
5.93
-13.831
-0.355
3.307
-1.432
7.619
11.139
-1.041
1.913
7.619
3.291
9.192
0.249
0.781
3.974
5.928
-8.502
4.43
1.02
-4.807
2.709
7.834
-2.879
3.003
6.113
8.593
11.751
11.139
-0.356
4.471
11.751
3.469
4.008
7.834
0.119
-0.732
9.864
0.374
7.619
11.139
5.853
3.7
6.033
0.325
7.516
9.087
3.806
7.461
6.689
5.695
7.57
0.63
0.425
5.877
5.863
-6.41
1.639
5.676
-4.98
6.45
9.801
1.875
6.088
6.865
-7.02
0.762
1.185
-2.776
7.585
5.985
2.57
7.619
6.877
3.321
7.619
9.161
3.397
5.773
7.56
-3.995
0.824
3.308
-8.329
3.259
2.715
-12.107
7.832
9.183
2.719
1.767
7.832
4.247
7.617
6.932
3.391
1.398
7.617
-0.933
-1.404
7.809
2.85
-0.179
3.324
-7.328
2.885
8.387
0.372
0.312
4.828
0.255
7.619
9.25
5.837
9.058
11.751
fixedStep chrom=chr3 start=151413140 step=1 span=1
1.441
7.928
2.547
11.272
3.854
-0.281
7.651
8.008
-0.238
7.651
6.075
6.491
1.073
7.651
-0.507
1.398
7.867
-1.287
7.71
9.398
4.483
7.71
9.314
6.6
9.399
6.758
1.756
4.045
7.704
-2.397
1.421
7.921
2.581
5.836
4.26
4.88
6.724
4.946
-6.523
7.608
1.753
0.099
11.891
5.154
0.637
2.791
7.928
-4.176
9.993
9.355
-3.065
8.715
7.71
-4.952
9.995
6.216
1.619
1.146
6.2
4.463
4.67
3.999
-2.939
-1.482
7.71
-3.365
-0.319
4.081
-0.875
7.71
8.061
-1.996
4.889
4.919
-1.293
3.612
-0.128
4.034
5.96
7.867
-0.605
1.464
4.94
-0.957
0.473
5.892
-11.346
6.665
0.497
2.854
0.601
2.211
0.368
1.369
6.173
5.766
0.862
7.694
-0.051
7.694
8.054
5.878
9.979
11.247
1.418
2.74
4.147
-2.779
2.594
2.937
8.687
3.487
11.891
1.131
1.441
5.053
0.33
1.03
11.891
fixedStep chrom=chr3 start=151413259 step=1 span=1
0.283
5.982
8.046
4.034
2.279
3.472
-2.031
7.71
3.014
1.749
5.832
1.14
-1.613
4.091
11.891
0.263
7.498
3.751
5.081
7.71
6.079
2.671
7.26
6.298
2.993
4.032
11.891
4.899
4.098
6.22
-0.478
4.062
6.221
0.133
7.71
11.272
11.891
fixedStep chrom=chr3 start=151416313 step=1 span=1
3.899
5.287
7.343
7.431
5.917
6.749
9.743
2.451
0.753
0.714
0.714
0.73
0.982
1.025
2.627
0.89
-0.108
0.171
1.084
-1.078
1.084
1.431
0.403
0.108
1.031
-0.224
2.454
0.566
1.171
1.7
2.635
1.726
-0.408
1.421
-1.74
-0.116
2.515
-6.632
6.494
3.881
1.566
0.552
4.021
-0.598
6.687
1.64
2.934
5.568
-0.089
2.451
-3.115
5.689
0.105
0.033
2.554
-11.898
5.681
6.536
6.222
-0.006
3.037
0.287
7.498
3.828
3.46
2.579
1.353
-0.389
7.648
9.243
4.427
0.525
2.654
0.106
4.873
6.133
-5.108
3.883
9.867
-0.897
4.825
6.133
-0.011
7.648
11.177
0.355
3.801
2.205
-1.215
0.222
5.034
7.55
5.946
6.853
3.896
-0.104
5.923
0.372
7.648
11.177
3.033
7.648
11.177
3.86
4.858
7.589
-0.613
0.57
7.864
11.79
fixedStep chrom=chr3 start=151430300 step=1 span=1
7.871
-1.034
3.365
7.654
2.19
3.266
11.801
5.04
7.654
4.375
1.565
11.801
9.905
1.758
0.032
7.871
7.425
7.654
11.187
4.424
7.654
11.187
7.39
11.187
7.654
-1.315
7.654
11.187
7.574
7.654
11.187
3.701
7.654
11.187
0.717
7.654
11.187
-0.291
7.654
11.187
9.9
11.187
7.654
-3.118
11.801
7.654
-5.253
11.801
7.654
0.097
1.448
7.871
3.805
11.801
7.871
2.709
3.293
11.801
1.624
7.654
11.187
7.428
7.654
7.871
1.715
7.654
11.184
5.176
9.317
11.187
1.803
7.654
11.187
7.433
7.654
7.871
-1.178
7.871
7.654
-1.3
11.187
fixedStep chrom=chr3 start=151432753 step=1 span=1
3.518
11.257
8.13
1.125
7.608
11.123
5.867
7.608
7.608
0.436
7.7
11.257
4.408
7.7
9.32
7.047
11.875
9.971
4.678
7.57
2.891
2.778
4.05
5.896
0.471
4.924
7.7
-0.785
7.918
8.184
-5.874
11.875
9.554
-0.712
5.978
8.002
-4.124
3.284
7.7
-0.125
1.521
7.7
1.273
7.7
9.395
1.812
7.918
6.213
0.821
7.919
5.914
9.376
0.613
-0.168
0.001
-0.207
4.503
1.925
2.509
0.41
5.525
3.983
1.323
2.826
2.627
2.699
0.259
3.233
7.354
1.499
0.123
-1.749
-1.813
2.405
0.289
-0.176
0.288
2.315
1.441
2.74
0.312
-0.445
-0.411
9.991
5.07
1.947
5.107
6.679
4.891
6.151
7.713
2.34
7.612
4.644
2.472
4.504
2.291
1.044
-3.154
5.216
5.628
3.599
6.097
2.479
1.257
0.682
1.456
1.008
-0.726
2.258
0.944
0.895
0.15
2.455
2.477
0.31
3.214
1.627
2.652
0.29
0.284
2.372
2.717
1.168
0.564
2.559
0.319
1.125
0.567
0.487
0.368
1.045
0.794
2.928
1.067
0.334
0.089
-0.102
3.08
0.85
0.248
0.706
1.145
0.131
0.401
2.682
1.222
3.467
-1.923
-0.683
1.064
4.939
1.816
0.126
2.813
1.79
0.123
0.569
0.278
-0.339
-0.013
2.545
2.2
3.35
-0.114
-0.004
-0.565
0.475
-1.321
0.807
0.439
2.307
4.162
4.032
0.319
0.972
-0.216
5.516
2.738
2.745
0.994
0.301
0.767
1.219
0.651
1.426
0.297
0.388
0.297
0.362
-0.088
0.262
-2.278
0.261
-1.122
1.507
0.651
-0.114
0.651
0.651
2.212
4.554
3.287
0.325
0.155
0.258
3.962
2.258
0.748
0.997
2.829
2.503
0.069
0.856
0.503
3.371
2.304
1.174
0.725
-0.307
0.564
0.527
0.929
0.787
2.227
2.808
0.733
1.907
1.177
0.825
-0.092
-1.204
0.693
1.265
1.322
3.986
2.377
1.889
2.883
2.67
1.059
-0.029
-0.063
2.437
-1.32
0.677
3.591
0.448
0.188
-0.739
-0.394
-0.36
1.719
-0.125
1.806
-0.446
1.442
1.434
0.78
0.148
1.084
2.08
3.687
0.784
-0.113
1.814
1.55
0.619
0.198
1.308
0.516
-0.535
1.229
0.293
3.358
2.01
-1.599
0.501
0.281
3.731
0.743
0.41
1.098
0.981
0.238
0.281
0.182
-1.384
-0.847
1.859
2.817
1.039
-0.067
-0.003
0.098
-0.294
2.731
1.577
0.822
0.399
1.878
-0.178
0.097
-0.096
1.485
2.571
2.617
1.856
2.359
1.761
2.746
0.037
-0.071
0.471
3.666
1.222
0.949
3.453
6.656
1.217
2.702
6.233
1.523
0.814
1.635
2.164
2.7
2.686
-0.672
1.824
3.989
6.884
5.249
0.294
1.24
10
8.641
6.123
9.916
6.007
3.028
5.1
2.306
1.691
-0.013
fixedStep chrom=chr3 start=151433098 step=1 span=1
1.327
0.216
0.058
5.431
1.375
4.405
0.824
0.68
-0.004
-0.473
0.127
0.982
0.485
1.934
2.447
1.161
-1.769
2.314
0.861
4.193
2.525
4.161
2.839
2.57
1.948
1.087
3.473
4.029
1.827
1.514
1.624
1.813
0.609
3.274
2.632
1.202
0.621
4.288
2.979
2.068
3.331
1.19
3.423
2.822
-0.057
0.981
3.991
1.866
2.643
0.15
2.84
0.384
2.278
0.77
0.891
0.978
1.488
1.821
0.125
-0.502
0.524
0.125
0.095
-0.006
1.782
0.005
1.845
0.197
1.773
-0.008
0.682
-0.383
-0.005
-0.092
0.209
-0.478
-0.423
-0.312
-1.162
-0.609
0.704
0.605
0.605
0.605
0.605
0.605
0.605
0.605
0.605
-0.592
0.605
0.605
0.605
-0.712
-0.064
0.224
-0.117
-1.079
0.168
-0.457
-1.489
-0.29
0.501
0.047
-2.087
-0.5
4.404
2.706
1.293
2.196
0.538
1.496
0.626
2.391
0.906
-2.609
2.285
8.661
8.102
4.887
5.992
9.103
3.944
6.123
6.001
2.341
2.983
5.994
5.099
7.3
7.998
2.026
0.638
-1.132
3.933
5.253
6.13
5.093
1.918
0.781
0.235
-0.066
-0.286
2.416
0.285
0.823
0.176
1.072
0.552
0.01
1.417
1.471
0.077
2.714
-0.078
0.113
0.217
6.252
0.27
0.936
2.301
0.283
0.426
-0.287
1.714
1.824
1.427
0.68
1.707
-0.437
0.389
0.858
-0.02
0.05
0.614
2.261
0.807
-0.248
-0.305
0.208
-2.113
-0.023
1.836
0.602
1.337
1.772
0.815
0.01
-0.81
0.619
2.676
0.598
-1.062
2.424
2.901
0.166
1.621
2.406
0.165
-0.133
-0.264
4.76
2.73
5.291
2.145
0.539
0.487
1.138
-1.004
0.641
3.218
1.429
0.38
0.554
2.219
2.33
3.331
0.365
0.043
3.237
1.512
1.788
7.726
0.034
2.53
2.704
4.984
4.2
4.779
6.961
3.549
8.065
1.474
3.529
2.355
1.538
1.457
3.269
3.441
3.633
4.502
1.837
3.382
3.445
5.915
2.988
2.841
5.196
6.858
9.92
7.654
9.329
7.654
6.136
7.87
6.155
11.189
4.182
3.5
3.924
11.189
2.187
3.468
0.119
-0.318
1.888
4.216
5.101
2.377
1.037
3.561
2.649
0.487
6.22
1.471
4.394
0.145
2.335
3.085
3.588
3.951
4.508
0.854
0.38
2.408
2.211
1.278
0.147
0.759
2.808
3.45
0.917
4.766
2.58
3.483
5.111
0.911
0.472
2.637
3.505
0.909
4.532
5.127
11.841
9.864
6.173
4.052
2.504
5.891
8.073
6.097
11.896
10.007
6.178
11.896
7.713
6.222
11.896
9.41
3.376
2.198
1.095
6.212
7.421
0.45
2.866
0.311
4.816
2.904
1.57
3.887
1.434
3.506
1.532
1.619
1.827
0.174
2.336
0.114
1.255
0.307
2.479
-0.323
1.796
-0.509
2.777
1.459
0.779
0.366
0.922
3.337
4.608
3.626
0.333
0.617
2.781
1.992
2.631
3.162
4.894
1.166
0.075
0.299
0.698
0.808
-1.051
0.314
-0.045
0.002
-0.079
4.723
2.978
0.926
1.051
0.595
1.597
0.002
-2.462
-1.369
0.57
1.149
1.483
0.219
0.905
0.403
-0.201
0.045
0.03
-0.27
-0.764
-1.602
0.227
0.93
3.503
0.051
-2.164
-3.091
-6.011
0.192
-1.534
-0.106
2.117
0.627
2.03
1.002
0.726
0.555
-0.985
-3.486
0.255
-0.249
0.472
2.34
1.042
2.879
3.824
-0.231
1.097
1.692
-0.398
-0.676
1.225
-0.647
-0.421
0.601
-0.082
-1.983
-2.111
-0.979
-0.238
0.198
-0.003
0.237
1.921
0.127
1.568
0.685
0.291
1.113
-0.506
4.494
1.803
-0.601
0.412
2.584
2.283
0.046
-0.571
-0.07
-0.463
-0.282
-0.069
0.904
0.774
0.24
-1.187
2.067
2.873
4.103
2.345
0.407
2.167
2.418
0.135
0.272
0.229
0.063
2.13
2.608
3.296
1.964
2.065
0.468
0.154
0.606
1.143
-0.345
-0.056
-0.448
-1.147
1.055
1.669
-0.014
1.028
1.87
1.081
-0.369
-0.277
-0.406
1.01
2.369
2.487
2.561
1.666
0.987
-0.084
-3.782
-1.077
0.187
1.553
-0.596
0.217
1.927
1.029
0.249
0.385
0.525
-1.957
-0.523
1.651
1.889
4.54
5.155
1.813
2.976
0.48
-0.17
-0.143
0.463
-0.615
0.353
-0.058
-0.22
-0.662
-0.73
2.118
-0.46
2.266
0.344
1.536
0.381
2.576
4.836
1.08
0.567
1.824
0.47
0.946
2.345
1.266
1.254
3.854
7.94
0.16
2.293
2.12
1.113
0.084
-1.042
-0.269
6.428
7.77
3.919
0.776
-0.021
2.31
0.013
3.673
0.16
3.845
1.086
1.375
4.045
0.798
1.423
1.801
1.413
2.458
4.849
2.447
-0.139
-0.089
-0.249
-0.288
-1.239
1.666
1.732
-0.11
0.06
1.096
0.291
-0.531
0.085
1.776
0.418
-1.603
-2.582
0.01
1.839
1.007
2.751
1.823
5.815
2.376
1.08
0.408
1.487
2.662
3.347
5.902
2.916
-0.052
1.917
1.382
1.772
5.769
3.321
0.289
3.228
1.151
1.302
0.774
2.606
0.162
2.165
0.83
0.873
0.682
1.464
3.94
-0.2
-1.492
0.129
3.665
3.799
4.15
0.685
1.479
0.562
1.371
4.681
3.755
5.848
5.046
2.852
0.333
0.635
2.356
2.809
5.794
3.912
1.291
-0.291
0.353
0.543
-0.25
1.567
2.771
4.421
1.138
1.425
2.268
3.327
6.091
4.158
2.302
3.818
2.057
1.116
4.219
4.138
5.071
5.612
7.237
3.386
5.488
2.921
2.865
4.05
0.693
1.915
3.515
2.291
3.294
6.554
5.209
2.722
4.239
3.199
2.375
5.344
0.846
4.261
6.203
4.415
1.825
3.411
6.691
7.931
6.221
3.185
6.713
5.123
7.931
6.215
6.183
1.902
7.931
8.117
3.475
9.942
9.988
7.919
8.136
11.259
11.878
7.919
11.259
7.877
6.21
5.127
5.205
3.258
3.561
4.502
1.242
6.192
6.207
4.255
6.666
6.803
8.99
2.785
4.062
3.945
6.627
9.115
3.593
4.176
3.97
5.069
1.934
4.485
2.108
0.221
8.376
5.031
0.596
4.889
5.001
6.194
4.898
5.969
3.901
0.068
3.923
6.277
6.082
1.494
2.407
6.614
6.668
3.521
4.238
7.602
5.113
7.649
3.445
5.442
1.54
3.5
6.564
5.972
4.048
5.011
8.019
1.171
4.652
2.264
2.845
11.847
7.913
9.389
6.183
7.889
7.917
11.255
7.861
9.36
11.255
8.062
0.486
-0.28
9.982
11.873
6.185
11.873
7.699
7.934
2.72
8.14
11.255
11.255
11.873
7.699
11.255
7.699
8.702
8.848
3.906
4.627
9.36
11.255
11.255
5.1
6.204
9.369
5.067
11.255
3.263
8.025
5.073
2.747
7.066
5.849
9.375
7.904
7.904
6.157
11.237
6.195
6.192
9.151
6.198
11.237
7.041
9.117
8.67
11.237
6.875
11.214
6.18
11.237
5.762
4.22
9.365
8.01
5.986
7.904
11.237
7.904
7.904
7.904
7.904
9.352
9.344
4.902
4.21
6.195
6.195
11.854
7.904
6.195
4.01
6.066
6.995
7.577
7.904
11.237
3.482
11.854
7.904
7.619
8.678
6.195
7.983
9.31
7.904
6.195
7.904
8.678
7.687
6.181
7.687
2.695
6.194
5.227
2.398
6.158
9.349
8.586
6.167
5.77
5.034
1.987
0.415
0.754
0.83
8.049
7.983
2.631
3.077
6.569
-0.244
2.141
4.781
7.02
9.963
7.904
9.353
9.349
8.089
6.201
4.92
9.251
6.115
5.896
4.139
8.679
7.904
7.904
5.097
11.854
7.904
11.854
4.217
11.237
11.237
3.977
7.686
7.686
8.105
11.22
8.618
9.359
5.871
7.904
11.237
5.059
5.099
5.991
5.994
9.312
5.059
11.205
5.081
2.662
9.318
7.916
11.254
7.916
7.916
7.916
7.916
7.916
7.916
7.916
11.254
11.872
8.135
2.149
4.19
7.916
11.254
11.872
8.075
1.917
11.872
4.018
9.397
5.01
11.254
1.913
7.117
8.083
4.238
7.916
6.206
2.888
11.872
11.254
9.301
6.206
11.872
7.916
11.872
9.388
8.113
7.013
5.252
3.528
5.092
11.872
7.698
9.33
11.872
11.872
11.872
7.698
8.032
7.916
6.207
7.916
-0.211
5.221
8.081
6.205
8.094
5.989
-0.088
-0.691
5.095
-0.152
2.974
2.922
5.716
7.639
6.694
4.047
4.359
3.492
0.999
1.67
3.451
1.42
2.397
2.345
4.058
3.314
3.345
0.322
2.385
3.989
6.321
fixedStep chrom=chr3 start=151434122 step=1 span=1
1.565
1.819
5.036
2.055
4.996
6.271
2.749
2.153
0.927
0.475
0.23
2.134
0.935
0.565
2.331
2.752
4.967
1.794
0.573
0.449
6.221
3.534
0.881
5.32
4.496
2.744
1.879
2.347
1.285
0.923
2.002
2.49
1.075
6.253
2.937
1.136
1.937
2.208
0.04
-0.378
4.607
5.96
2.155
2.913
-0.472
2.42
3.472
4.178
4.613
2.921
0.113
-0.298
1.478
1.775
1.786
4.116
0.506
6.117
7.71
7.912
11.866
7.928
11.892
6.864
5.988
3.442
4.656
7.576
5.433
0.223
0.692
2.869
11.872
6.139
4.037
1.378
0.519
0.603
4.607
2.243
1.721
2.947
7.049
2.583
3.962
4.652
4.111
8.068
6.013
2.197
5.915
-1.066
2.381
4.241
5.963
4.411
3.484
1.669
2.002
1.223
3.235
3.248
-0.142
1.801
3.403
2.678
1.723
1.814
-0.172
-2.816
2.252
5.895
2.338
0.426
4.317
2.628
5.633
4.18
1.005
1.163
1.55
2.4
0.478
3.048
-0.734
0.197
4.692
1.116
0.937
2.469
-1.827
3.374
4.419
0.275
0.341
3.269
0.897
-0.229
-0.001
-0.08
1.553
6.207
2.398
2.951
2.814
5.012
2.905
1.22
1.75
1.874
4.048
2.636
2.319
0.14
2.175
4.003
2.824
1.294
1.008
3.219
1.487
0.361
0.642
0.495
4.037
4.452
2.933
7.688
3.258
5.997
4.059
4.894
1.788
1.325
4.183
8.041
0.941
3.244
3.484
1.907
4.006
3.265
0.969
0.767
7.278
6.544
0.903
7.476
5.405
9.903
2.876
4.238
1.925
1.699
2.243
1.706
6.847
1.486
3.415
6.6
5.896
6.724
4.771
9.06
7.028
4.066
0.454
3.984
4.291
4.528
5.868
2.887
3.341
4.479
3.361
7.022
3.908
3.348
2.538
5.945
-1.856
2.578
8.15
6
6
7.932
6.016
5.866
0.328
6.055
-1.005
-0.458
1.113
0.786
-0.201
3.911
4.244
2.735
-0.013
6.684
4.02
5.065
1.851
-0.069
4.012
2.839
2.342
1.739
5.696
4.013
0.874
2.939
2.365
3.752
8.518
3.884
4.525
0.625
2.247
0.815
-0.155
4.611
1.13
-0.81
-0.028
10.005
0.681
5.92
6.558
6.068
4.91
1.921
6.671
5.955
5.035
0.954
5.111
9.986
4.909
6.952
7.713
9.415
7.713
6.22
11.895
6.207
10.006
9.336
3.552
2.477
1.313
-0.785
0.257
-0.431
-0.22
1.434
0.236
-0.31
1.714
0.688
7.713
3.343
2.83
11.895
7.521
7.671
0.262
-0.022
0.008
0.364
1.066
0.437
0.865
3.364
2.176
0.128
0.431
2.974
8.698
6.22
6.22
2.905
6.044
7.713
0.487
0.394
0.162
3.896
11.895
9.998
4.08
5.122
11.895
7.633
0.968
3.484
2.601
5.138
6.667
7.136
2.253
7.908
7.931
6.218
11.889
7.713
6.006
10.092
11.276
11.276
11.276
6.013
4.685
5.108
0.455
4.628
6.162
8.155
2.96
6.088
3.331
4.042
0.354
1.552
2.387
2.851
4.192
2.782
1.184
0.315
4.862
3.19
1.086
0.355
0.112
4.428
1.047
0.847
0.883
5.088
2.443
0.517
2.343
0.774
1.033
0.563
1.849
-0.621
0.847
0.38
1.487
3.536
2.175
2.88
2.837
4.162
0.793
1.666
2.432
3.393
2.496
2.063
1.547
0.07
0.644
0.733
0
0
0
0.094
0.076
0.075
0.076
1.789
0.24
2.464
1.169
2.592
0.242
2.905
1.382
0.668
-0.15
0.773
2.25
2.293
1.463
0.34
3.993
1.684
1.577
1.081
1.956
1.26
2.695
2.991
0.492
2.582
-0.063
0.974
0.91
-0.055
2.107
1.204
1.375
1.605
2.873
-0.364
1.916
0.418
0.926
0.161
1.375
0.243
-0.487
-0.075
0.094
-0.142
-0.012
-1.195
-1.296
1.208
1.083
1.941
1.817
1.442
1.351
0.506
1.312
-0.409
0.006
1.383
0.991
0.776
-0.637
0.195
-0.06
1.194
1.288
0.823
-0.465
0.936
0.075
1.963
0.037
0.425
1.772
4.11
0.848
1.197
2.414
1.417
0.967
1.264
0.862
0.208
0.12
0.959
0.823
0.113
-0.211
-1.238
2.818
1.326
1.054
0.083
1.086
0.4
0.245
-1.848
0.569
0.502
-0.574
-1.165
-0.48
0.131
1.031
0.16
-0.274
1.808
-2.426
3.051
2.069
0.387
2.671
4.406
2.498
0.735
0.099
2.225
4.135
4.167
2.092
0.959
0.867
4.978
3.368
0.725
0.305
1.869
0.192
-7.909
0.396
2.113
2.191
0.908
-1.395
0.438
0.286
3.753
7.965
2.75
0.683
4.137
1.432
-0.003
2.07
1.48
5.814
3.937
2.683
0.444
0.89
4.021
1.253
1.748
2.476
1.377
-0.467
0.053
1.292
2.334
1.045
0.785
-1.428
-1.286
0.431
-1.008
0.012
0.378
-2.831
-1.802
0.626
0.488
-0.629
0.188
-0.277
0.692
0.044
0.1
-0.129
-0.087
0.185
-0.022
0.08
-2.884
0.104
-0.148
0.559
0.464
-0.327
-0.223
-0.146
-1.331
0.212
0.063
0.224
0.292
-0.627
2.22
2.493
-0.329
0.576
1.49
0.367
0.969
1.041
2.612
2.888
0.095
2.074
6.69
4.44
0.758
0.153
-2.368
1.034
-0.939
0.176
1.038
0.974
2.31
0.899
1.48
0.889
2.302
5.057
5.538
1.024
3.982
2.586
1.569
-4.739
-0.22
1.141
1.805
0.43
1.231
-0.006
3.999
1.342
6.933
0.224
3.488
5.701
0.079
1.649
4.447
0.957
1.017
3.477
-0.087
3.166
1.248
3.316
1.439
6.882
2.77
4.201
0.233
1.454
0.449
4.559
2.492
0.987
-0.196
6.107
5.727
3.893
1.901
5.85
2.862
1.15
-0.129
-0.034
0.702
2.062
0.037
-0.566
3.742
2.076
1.695
4.158
11.07
6.5
2.701
4.01
5.011
1.16
0.151
0.797
2.315
2.641
0.616
7.578
4.861
9.094
4.872
3.459
7.864
4.191
6.92
1.884
5.341
0.146
2.302
5.017
6.15
1.278
1.651
3.509
3.216
3.941
3.944
3.161
1.187
0.484
1.012
1.379
2.363
3.3
6.013
5.846
0.418
4.952
2.774
3.166
2.822
0.829
0.66
2.137
2.86
0.199
0.364
0.873
3.474
5.044
4.944
8.084
3.998
9.281
4.831
2.33
0.933
2.796
2.708
6.076
1.759
2.582
-0.216
0.306
0.967
1.115
2.023
4.335
1.937
1.013
0.152
0.232
-1.253
0.716
-0.119
-2.405
-0.282
-0.235
-0.952
0.011
0.064
0.239
-0.238
0.457
1.375
-0.284
0.404
2.873
0.533
-0.127
0.877
1.072
0.707
0.823
4.796
5.128
3.365
2.227
3.867
2.794
1.927
1.584
0.072
-0.57
-1.686
0.663
-0.304
-0.449
-0.066
2.516
0.381
0.99
-0.076
-1.004
-0.11
-0.673
-0.656
-0.621
0.371
0.069
1.448
0.174
0.694
0.772
-0.479
-0.342
1.08
2.145
1.185
0.393
-0.913
-0.035
-0.673
0.295
-3.076
0.931
0.395
2.354
1.329
1.563
0.458
2.338
0.168
0.411
2.847
5.37
2.714
0.508
0.601
0.86
0.321
-0.087
0.589
-0.607
-1.194
1.129
0.378
1.348
0.389
-0.442
-0.062
-0.82
0.314
-0.846
1.259
-0.184
-0.09
0.153
-3.228
-2.446
0.752
1.061
0.138
-2.262
1.391
0.695
2.007
3.023
4.401
0.859
1.083
0.007
-0.081
4.518
1.699
0.185
1.213
2.205
1.141
1.221
1.312
-1.931
0.696
0.489
-0.522
0.147
1.586
-0.149
1.186
-0.076
0.107
-0.897
-0.595
-0.158
-0.509
-0.063
-0.968
0.353
0.377
2.186
0.749
-0.093
-0.257
0.34
-0.186
0.182
-0.373
1.621
-0.488
0.165
0.121
1.585
1.288
1.714
-0.336
-1.012
0.539
0.362
0.011
-0.685
0.763
-0.094
0.509
0.025
-0.122
0.709
0.409
1.358
0.527
-1.724
0.296
0.857
0.95
-7.915
-0.173
-4.291
-1.308
0.178
-0.674
0.71
-3.657
-0.148
0.181
-0.146
-0.985
-0.125
0.824
-0.553
-0.954
-1.582
-0.331
0.941
-0.492
-0.647
-2.748
0.066
1.407
-0.161
-0.24
-0.01
-0.056
2.704
1.254
-0.744
1.484
1.02
0.603
1.691
0.583
-0.535
0.469
0.428
1.619
0.059
0.26
0.676
0.937
1.444
1.89
0.031
1.396
1.343
2.147
1.567
0.997
1.902
0.119
0.144
0.837
0.024
0.355
0.2
-0.513
-1.139
-0.117
2.2
0.225
0.754
1.455
2.452
4.964
6
1.581
0.112
0.613
0.166
0.042
-0.197
-2.884
-0.668
0.471
0.066
3.458
2.312
5.967
1.755
-1.401
fixedStep chrom=chr3 start=151435146 step=1 span=1
-0.286
0.984
1.265
0.321
0.39
0.504
0.383
0.389
-1.471
0.246
-0.008
1.276
0.097
1.835
3.154
0.241
0.063
0.183
1.001
-0.471
4.989
1.494
2.05
3.904
0.608
0.202
0.712
0.47
0.362
0.327
0.208
-0.029
1.461
0.662
0.291
0.24
0.011
0.384
0.149
1.122
0.149
0.387
0.141
1.442
0
0
0
0
0.393
0.419
0.473
0.197
-0.102
-1.219
0.036
-0.226
0.41
-0.52
-0.959
-0.882
-1.439
0.682
-1.126
-1.353
0.111
-0.104
0.691
1.507
1.82
0.65
0.818
-1.175
0.593
3.807
2.104
1.492
-0.653
-0.895
0.309
-0.244
1.82
0.449
2.395
0.66
0.046
0.204
1.271
0.762
0.084
-0.72
0.531
1.656
1.631
0.446
0.766
0.421
-0.02
1.616
-0.012
-0.655
0.126
-0.612
1.038
-0.168
-0.022
0.117
0
0
0
0
0.186
0.149
0.146
0.593
0.013
-0.851
-0.273
-0.836
-0.395
0.104
0.207
0.182
0.272
-0.63
0.012
1.348
0.541
0.691
-0.304
-0.33
-0.767
-0.472
0.997
0.854
3.048
1.056
0.361
-0.755
0.272
0.388
-1.123
-0.336
-0.309
0.404
0.164
0.532
-1.035
-1.197
-0.694
0.23
0.459
-0.916
-0.25
-0.184
0.321
-0.005
0.076
0.928
-0.621
-0.347
-0.973
-2.243
-0.575
-2.312
1.431
1.146
0.094
0.622
0.679
-2.59
-2.216
1.244
0.691
0.927
-0.846
0.638
-1.532
-0.696
-2.297
1.193
1.491
-0.321
0.393
0.201
1.463
-0.487
-0.698
0.029
-0.449
-1.005
0.016
0
0
0
0
0.495
-0.305
0.528
0.18
-0.093
0.396
0.666
-1.493
0.057
-0.405
-0.315
-0.415
0.455
-0.692
0.193
-0.286
-0.607
1.421
-0.984
0.029
0.499
0.347
2.236
0.219
-0.158
-3.231
-1.397
0.631
1.955
2.524
-0.072
-0.056
0.474
1.242
1.685
-0.021
0.054
3.764
0.515
-0.233
0.847
-0.297
0.142
-0.846
0.008
0.417
-0.334
-0.182
-1.694
-0.7
-0.636
0.137
0.907
-0.175
-0.075
0.181
1.146
0.186
0.07
-0.02
-0.238
0.643
-0.211
0.453
-0.6
1.476
2.086
0.383
1.524
-0.479
-0.907
-0.464
-2.065
0.627
0.29
-1.178
0.221
0.055
-0.518
2.291
0.385
-0.942
-0.069
-0.289
-0.054
-0.552
-0.324
0.681
2.319
-0.046
0.111
-1.819
0.415
1.156
-0.096
0.333
2.006
-0.577
0.55
-0.402
-0.691
0.465
0.356
1.071
0.496
0.31
-0.614
-0.104
-0.565
fixedStep chrom=chr3 start=151435472 step=1 span=1
0.998
0.603
0.063
1.124
1.905
-0.322
0.515
0.07
-1.004
-0.207
2.701
0.666
-0.934
-1.669
-0.179
0.855
2.696
0.183
0.603
-0.205
0.398
0.695
1.195
-0.08
-0.172
-0.932
-0.974
-0.732
-0.745
1.14
0.086
-1.023
0.044
-1.067
-0.136
0.082
fixedStep chrom=chr3 start=151435520 step=1 span=1
-0.399
0.793
-2.925
-1.149
0.045
2.003
5.228
-2.182
-0.115
0.807
-0.056
0.381
1.284
0.362
0.288
-0.09
0.738
2.754
0.913
0.329
0.216
-0.824
-0.428
-0.573
-0.123
-0.281
0.497
0.649
0.675
-0.809
1.26
-0.116
-0.756
-0.441
0.293
0.27
-6.236
-4.517
1.099
0.302
0.396
0.978
2.067
1.402
0.493
2.409
-0.121
-1.061
0.159
-0.316
0.525
1.071
3.96
-1.151
-0.291
-0.379
-4.611
-0.192
-0.736
0.178
2.403
1.394
0.162
0.024
-1.075
-0.475
-0.758
-0.461
2.215
0.914
-0.088
0.071
1.427
-0.275
0.056
0.983
0.078
-1.109
-0.125
-0.189
-0.81
-0.047
0.209
-0.021
1.893
1.474
0.101
-0.759
0.061
4.163
0.284
0.61
-0.245
0.229
-0.134
0.268
0.235
-0.947
-1.403
0.758
-0.023
1.28
0.368
1.825
0.624
0.42
0.533
-0.392
-1.381
0.377
4.003
0.193
-0.1
0.438
0.56
-0.573
-0.001
1.889
2.745
0.061
-0.31
0.278
0.122
0.6
0.318
1.335
-0.264
0.212
-0.222
0.805
-0.715
0.503
-0.439
2.451
1.376
1.572
2.029
0.727
-0.1
2.513
1.885
2.589
4.338
0.544
1.94
2.665
0.766
1.034
0.17
1.76
0.546
0.256
-0.473
0.589
0.455
3.677
1.462
2.315
1.152
2.146
-0.475
-1.047
-0.062
-1.191
2.968
1.608
-0.035
-0.861
3.141
-0.076
0.489
-0.023
2.174
0.033
1.64
0.444
1.266
0.231
1.486
4.056
4.229
4.357
1.365
1.6
-0.132
-0.253
4.296
1.135
0.923
-0.042
0.039
0.068
0.202
-0.829
0.105
0.267
0.839
0.456
-0.181
-0.836
0.101
0.108
0.091
-0.099
0.499
0.304
1.41
1.248
1.338
0.738
1.204
1.683
1.717
0.661
0.9
1.66
0.025
1.059
2.121
1.554
1.714
2.593
2.245
0.859
2.023
3.94
1.936
0.316
0.528
0.55
0.67
0.119
-0.342
0.582
-0.002
0.313
-0.409
2.05
5.814
0.82
0.534
0.393
0.143
2.629
0.606
1.839
0.04
2.381
0.114
0.604
1.095
0.973
-2.732
2.616
0.329
5.231
2.098
1.264
0.141
0.135
0.788
0.699
0.878
0.623
0.562
0.98
-0.344
-0.069
-0.102
1.04
-0.023
1.821
0.326
0.092
0.5
0.292
0.351
2.148
0.605
0.801
2.068
-1.392
2.618
0.412
3.035
2.092
4.136
1.771
3.678
2.07
0.863
-0.04
0.522
4.277
0.694
4.855
6.315
3.27
3.481
3.087
0.898
1.65
1.775
1.217
0.511
0.49
1.643
0.037
0.215
0.28
0.283
-0.135
0.319
1.016
-0
-0.197
0.308
-0.011
0.185
-0.121
-0.759
-0.894
0.758
1.304
1.281
-0.409
-0.153
0.151
-0.148
-1.371
0.037
-0.173
0.963
-0.033
0.146
-0.094
0.352
0.69
0.373
0.645
0.346
0.124
-0.114
-1.202
-1.907
-0.173
-2.064
-0.902
0.087
-1.495
-0.473
2.295
-0.06
3.4
0.424
1.472
-0.107
-1.487
0.366
1.16
0.697
0.664
0.991
1.365
1.299
0.829
-0.041
-0.073
0.056
0.954
-2.477
0.167
0.252
-0.586
0.296
-0.866
0.176
-0.521
-0.03
0.267
1.23
0.738
-0.401
0.53
-0.944
-1.701
0.67
0.472
0.749
0.889
-0.269
-0.541
-1.468
-0.357
0.805
0.936
-0.051
0.641
2.342
4.81
2.958
1.236
0.559
-2.123
0.105
0.253
0.917
0.274
0.063
0.025
-0.384
0.39
-1.835
-0.023
-0.003
2.224
-0.768
1.02
0.854
0.269
2.069
0.145
0.088
0.899
0.948
1.712
0.753
0.613
-0.128
0.53
3.569
1.776
1.4
0.854
-0.094
0.372
1.4
0.115
1.187
1.201
0.492
-0.055
1.533
0.695
1.117
0.654
-0.068
0.173
1.727
0.564
3.161
3.812
1.591
0.182
0.021
0.387
0.258
-0.512
2.272
3.41
2.667
4.254
2.61
1.781
1.153
0.904
0.55
1.849
-0.22
0.023
-2.408
2.849
5.128
0.783
1.525
1.439
2.306
1.177
0.097
-0.383
0.185
4.78
5.267
1.244
-5.08
0.59
1.662
4.543
1.95
0.172
0.113
3.345
0.914
0.632
1.869
0.274
-0.307
-0.176
0.029
0.083
1.178
0.841
0.749
1.924
2.676
1.608
0.838
0.397
1.734
0.482
1.291
-1.286
-0.822
0.42
1.221
-0.552
-1.255
-2.364
0.126
0.006
0
0.608
0.099
2.384
0.267
-0.097
1.417
0.091
-0.774
1.144
2.989
0.832
0.651
1.26
-0.356
-0.34
0.847
-1.714
0.801
2.652
0.629
-1.018
1.514
2.825
1.463
0.536
-0.186
0.046
-0.871
0.171
0.611
1.166
1.092
1.068
1.209
3.795
0.017
0.195
2.547
0.057
-0.278
1.251
1.009
0.226
0.058
1.572
0.812
2.276
3.518
1.888
3.445
2.445
3.222
0.368
0.571
0.396
1.211
2.279
0.218
1.819
2.091
4.731
1.162
0.549
1.694
2.133
0.695
0.623
0.592
0.888
2.951
1.18
1.499
4.319
2.677
6.134
0.915
5.44
1.393
1.55
2.886
0.217
1.31
2.359
0.121
0.297
1.134
3.08
2.456
1.334
0.553
0.068
0.608
1.147
2.394
1.556
1.929
0.511
0.891
1.632
2.417
2.949
0.312
0.055
1.071
0.726
2.344
1.114
2.09
2.421
-0.556
0.04
5.205
2.257
0.751
1.002
0.408
-1.179
0.095
2.387
1.213
0.232
1.459
0.362
-0.269
0.13
0.708
3.896
1.174
4.101
0.012
2.957
2.585
2.203
0.102
2.455
0.074
-0.31
0.994
2.799
-0.011
1.5
0.552
0.302
1.723
0.011
1.454
1.578
1.949
-0.176
1.162
0.233
-1.45
2.489
0.406
0.629
0.331
-1.639
2.43
0.718
3.431
0.848
0.241
1.019
1.5
2.822
1.817
0.197
0.88
0.68
0.859
4.603
4.931
0.851
0.548
2.272
2.249
1.445
2.475
1.639
0.576
0.962
2.065
7.791
4.581
1.44
0.717
2.161
2.316
1.876
2.135
1.938
2.828
5.311
4.986
1.58
0.163
0.327
4.347
-0.035
4.146
1.135
1.204
1.136
-0.355
1.13
-0.046
0.053
1.123
-0.405
0.253
5.035
-0.087
2.846
0.548
0.197
0.892
2.821
3.38
1.335
1.334
2.164
0.613
-2.044
1.362
4.798
0.456
1.293
0.095
-0.813
2.662
-0.608
-1.155
-1.156
0.726
0.446
0.387
-0.23
1.626
0.826
3.189
0.782
-0.28
-0.452
-0.28
-0.015
3.449
0.309
3.794
0.127
0.132
-1.005
0.235
0.124
-0.002
-0.222
1.496
0.383
0.819
-0.199
-0.471
0.568
0.009
-0.4
0.262
1.318
2.767
0.426
0.519
0.834
0.252
0.612
0.939
1.558
1.902
-0.016
0.852
0.041
4.207
-0.13
3.208
1.659
1.472
3.199
0.024
3.826
2.158
0.443
1.133
2.721
0.607
1.145
2.265
0.756
0.449
-2.576
1.147
2.341
-0.13
-2.648
1.575
3.646
1.571
2.322
1.891
0.934
-0.12
1.833
4.524
2.126
-0.143
0.917
2.692
0.699
6.944
3.173
3.283
1.045
1.436
0.941
-0.59
-1.143
3.364
0.871
-0.129
1.518
1.113
-1.173
-0.031
-0.223
0.685
2.715
2.247
0.031
0.684
-0.367
0.293
-0.501
1.432
1.412
-0.246
2.29
0.61
0.403
1.419
0.841
0.276
3.487
1.433
3.762
5.565
6.846
5.254
2.814
2.358
5.902
6.054
8.446
5.758
6.105
6.991
2.181
1.818
1.845
1.473
0.086
2.005
0.632
-0.053
0.925
0.405
0.597
1.403
2.336
2.111
2.196
2.337
0.326
2.189
1.825
0.827
2.944
0.471
2.214
3.888
0.277
1.505
1.594
2.207
0.487
-0.114
-0.051
2.279
2.288
2.977
-0.06
1.052
3.579
0
-0.135
-0.195
-0.149
4.791
8.104
5.028
3.77
0.718
1.969
3.111
3.932
4.681
6.183
5.051
2.409
2.855
1.52
2.901
9.876
7.88
7.88
11.815
11.815
5.969
9.306
11.2
7.954
8.036
7.88
7.703
11.2
11.2
11.2
11.815
7.88
11.815
7.663
7.663
7.731
7.731
10.974
10.974
11.576
7.874
5.086
3.998
3.459
5.095
4.079
1.695
4.202
2.887
0.943
4.389
1.192
3.051
2.339
1.667
5.744
3.514
4.237
8.09
0.437
2.167
4.185
4.066
1.919
-0.121
1.792
6.778
3.262
2.223
3.011
5.288
1.488
3.362
1.692
-0.289
2.28
1.421
0.693
-0.263
-0.252
6.009
2.804
1.775
0.457
2.335
2.562
5.023
0.845
4.633
2.804
1.251
0.651
0.43
5.877
3.39
3.789
2.305
3.479
1.096
2.203
5.82
4.748
fixedStep chrom=chr3 start=151436544 step=1 span=1
5.783
2.65
0.435
2.687
2.036
6.245
1.133
0.042
0.633
-0.155
5.098
0.876
0.876
-0.258
0.794
4.186
2.622
5.068
8.654
5.97
11.2
7.878
8.652
6.094
3.318
2.774
6.076
1.921
2.562
4.936
4.182
3.996
6.938
6.895
4.143
3.468
0.663
5.371
3.949
1.222
6.98
0.619
7.872
8.634
5.055
8.049
9.303
6.133
4.162
9.916
6.071
6.872
0.841
2.325
1.428
1.319
1.516
2.834
2.251
3.466
4.007
9.275
5.019
4.95
3.501
4.319
2.716
6.165
1.209
7.593
4.88
7.656
6.169
0.445
3.484
8.604
7.59
5.934
6.141
11.803
7.656
5.958
7.872
6.162
3.489
5.043
6.975
4.202
7.872
7.918
11.103
11.189
3.161
5.011
7.815
3.941
5.021
4.995
4.825
3.977
7.03
4.808
9.296
5.302
6.873
3.414
0.297
4.711
4.535
3.445
-0.705
0.011
0.851
0.035
0.324
0.424
0.398
0.579
0.977
1.142
3.067
0.322
0.411
0.322
0.601
4.308
5.951
0.058
0.201
0.404
-1.694
3.52
0
0
0
1.241
0.144
0.18
-1.225
-0.229
0.037
-1.056
-0.308
-0.183
-0.216
7.813
1.741
9.283
1.071
9.028
1.289
-2.116
11.144
3.288
0.656
2.251
8.487
0.672
11.144
-0.687
-2.626
5.053
5.31
-1.41
9.798
5.045
-0.768
5.833
-0.481
-0.212
6.498
1.789
-1.604
1.123
2.235
0.601
6.134
4.851
-0.206
1.015
2.772
-2.513
5.932
5.932
-2.109
11.144
6.597
-2.219
1.234
0.014
-0.396
4.149
7.809
0.227
-0.174
1.755
-4.581
11.755
5.933
-0.53
1.243
1.198
2.569
7.627
11.144
-1.783
-0.583
5.041
1.471
7.843
7.983
-3.278
0.674
-1.158
-1.091
5.934
7.627
-1.94
11.755
5.311
0.872
6.136
2.708
-14.574
6.512
5.957
0.446
1.237
-0.244
-2.525
0.165
8.238
-2.096
5.802
9.771
-0.433
1.907
0.602
1.358
-0.298
2.922
1.211
7.923
0.952
2.441
6.884
0.594
-4.701
11.145
4.434
-0.124
7.52
2.834
-3.15
3.362
5.934
-3.049
-0.49
7.349
-1.332
2.534
7.442
1.549
-1.886
0.754
0.421
1.637
0.712
0.284
-1.34
0.229
-0.253
0.083
-0.016
-0.056
-0.792
0.306
-0.653
0.085
-0.47
-9.583
-7.753
1.978
-0.679
1.363
-0.4
-0.119
0.313
-0.102
-1.182
0.383
0.102
-0.121
-1.351
-0.539
-1.053
0.412
0.009
-0.342
0.87
-0.741
-2.025
-4.381
-0.135
-2.283
9.486
3.693
-0.231
4.452
0.397
0.384
0.838
0.282
1.258
6.428
0.615
0.946
0.309
3.928
0.217
-0.459
1.383
-1.995
8.58
7.54
-0.239
-0.618
-0.108
0.797
5.038
3.999
7.628
7.628
9.193
-6.228
2.107
2.834
2.933
8.039
-0.757
0.289
4.037
0.118
-0.761
11.775
11.775
1.332
0.68
3.46
2.815
11.775
9.892
0.432
4.038
0.009
-3.664
7.639
7.639
0.239
8.047
1.618
0.186
9.884
7.638
0.845
1.432
-0.519
0.592
7.639
11.16
0.332
-0.133
5.022
1.151
8.016
7.347
0.228
0.029
4.322
-1.441
9.305
-0.787
-1.353
8.572
2.741
-8.291
0.127
0.003
-3.845
7.639
7.639
-3.132
3.319
1.456
2.729
1.475
2.411
-8.734
4.761
-0.146
0.49
2.596
3.222
1.017
11.053
-2.539
-0.147
0.52
3.396
0.391
1.745
0.059
0.811
9.888
7.454
-3.777
2.226
3.373
0.656
0.006
3.688
-0.722
-1.327
1.894
-0.138
3.782
6.058
-0.903
11.053
4.961
-0.718
1.324
4.3
0.669
9.773
9.759
-0.263
8.471
3.064
0.83
2.311
6.892
0.855
8.425
7.564
-5.897
7.953
0.543
-2.068
8.028
2.295
0.844
0.384
-0.04
-6.952
11.162
2.711
-7.351
7.506
6.643
-2.767
11.162
-0.105
-1.599
4.351
1.157
-3.154
5.32
0.302
-0.127
0.16
-0.06
-2.52
9.836
1.115
-10.558
0.865
4.187
-0.487
7.639
7.639
-0.615
5.339
-0.665
-0.443
2.219
4.128
-2.886
7.855
7.855
-0.466
2.839
3.769
0.709
8.606
7.639
1.4
0.766
-0.015
0.39
7.639
11.162
-1.968
4.644
-1.399
-3.232
7.855
9.21
2.084
0.282
5.057
-0.939
5.891
7.564
0.447
2.208
0.31
5.062
7.855
4.854
-2.001
1.205
1.195
1.846
0.798
1.422
-1.65
2.968
1.127
